COFF
810 1584 0
0.065358735620975494 0.32812798023223877 -0.035730656236410141 135 205 138
0.065066680312156677 0.32759031653404236 -0.035201273858547211 135 205 138
0.065638184547424316 0.32759115099906921 -0.036115579307079315 135 205 138
0.06550067663192749 0.32703924179077148 -0.035951793193817139 135 205 138
0.065711095929145813 0.32762199640274048 -0.03689265251159668 135 205 138
0.065587922930717468 0.32693365216255188 -0.037074267864227295 135 205 138
0.065510526299476624 0.3283284604549408 -0.036655627191066742 135 205 138
0.062584474682807922 0.32590886950492859 -0.038618724793195724 135 205 138
0.063068270683288574 0.32625389099121094 -0.039099130779504776 135 205 138
0.063072480261325836 0.32571280002593994 -0.0382518470287323 135 205 138
0.063572846353054047 0.32589507102966309 -0.038413397967815399 135 205 138
0.063086584210395813 0.32543325424194336 -0.037608325481414795 135 205 138
0.063897132873535156 0.32548460364341736 -0.037500143051147461 135 205 138
0.06235257163643837 0.32563331723213196 -0.037842720746994019 135 205 138
0.06213238462805748 0.32604116201400757 -0.035537634044885635 135 205 138
0.062571257352828979 0.32617521286010742 -0.035175066441297531 135 205 138
0.061643797904253006 0.32633170485496521 -0.035442855209112167 135 205 138
0.061974789947271347 0.32670935988426208 -0.034826211631298065 135 205 138
0.062213744968175888 0.32572105526924133 -0.03609945997595787 135 205 138
0.062954291701316833 0.32560735940933228 -0.035787001252174377 135 205 138
0.061546020209789276 0.32600393891334534 -0.036242511123418808 135 205 138
0.064770542085170746 0.32948416471481323 -0.038442067801952362 135 205 138
0.064822785556316376 0.32969626784324646 -0.037498462945222855 135 205 138
0.064983516931533813 0.32902288436889648 -0.038225907832384109 135 205 138
0.065144442021846771 0.32903227210044861 -0.037518374621868134 135 205 138
0.064964331686496735 0.32859030365943909 -0.03859526664018631 135 205 138
0.0646170973777771 0.32915276288986206 -0.039179276674985886 135 205 138
0.065364167094230652 0.32836189866065979 -0.037707507610321045 135 205 138
0.063061408698558807 0.32795706391334534 -0.041294202208518982 135 205 138
0.063539884984493256 0.32761985063552856 -0.040359962731599808 135 205 138
0.062405489385128021 0.32723549008369446 -0.040977086871862411 135 205 138
0.063018158078193665 0.32702109217643738 -0.040152691304683685 135 205 138
0.0618247389793396 0.32669869065284729 -0.040286548435688019 135 205 138
0.062502175569534302 0.32652038335800171 -0.039666738361120224 135 205 138
0.062047366052865982 0.32611823081970215 -0.038992870599031448 135 205 138
0.061373870819807053 0.32635185122489929 -0.039416875690221786 135 205 138
0.063613072037696838 0.32666710019111633 -0.039385747164487839 135 205 138
0.064119353890419006 0.32715386152267456 -0.039440620690584183 135 205 138
0.064195677638053894 0.32621055841445923 -0.038506057113409042 135 205 138
0.064754121005535126 0.32664939761161804 -0.038453433662652969 135 205 138
0.064625494182109833 0.32580778002738953 -0.037399299442768097 135 205 138
0.065204687416553497 0.3263089656829834 -0.037259016185998917 135 205 138
0.064654938876628876 0.32576468586921692 -0.036176100373268127 135 205 138
0.065170049667358398 0.32636740803718567 -0.035995949059724808 135 205 138
0.063939332962036133 0.32536718249320984 -0.036408126354217529 135 205 138
0.063089415431022644 0.32530614733695984 -0.036666020750999451 135 205 138
0.063646823167800903 0.32580170035362244 -0.035452719777822495 135 205 138
0.064238734543323517 0.32627585530281067 -0.035177562385797501 135 205 138
0.063093535602092743 0.32650962471961975 -0.034810438752174377 135 205 138
0.06360144168138504 0.3270459771156311 -0.034572895616292953 135 205 138
0.062417943030595779 0.32719841599464417 -0.034384410828351974 135 205 138
0.062900692224502563 0.32782021164894104 -0.034151561558246613 135 205 138
0.061649017035961151 0.32782164216041565 -0.034007061272859573 135 205 138
0.062128446996212006 0.32851409912109375 -0.033708751201629639 135 205 138
0.061260469257831573 0.32719901204109192 -0.034545812755823135 135 205 138
0.060983248054981232 0.32667204737663269 -0.035324849188327789 135 205 138
0.060859832912683487 0.32612890005111694 -0.037389744073152542 135 205 138
0.061575353145599365 0.3258306086063385 -0.037165079265832901 135 205 138
0.060846373438835144 0.3262937068939209 -0.036309726536273956 135 205 138
0.061736058443784714 0.32588112354278564 -0.038118388503789902 135 205 138
0.061044890433549881 0.32616356015205383 -0.038434457033872604 135 205 138
0.062269046902656555 0.32552528381347656 -0.036934956908226013 135 205 138
0.0641130730509758 0.32938665151596069 -0.040499106049537659 135 205 138
0.064393527805805206 0.32988151907920837 -0.039655979722738266 135 205 138
0.064360596239566803 0.32873374223709106 -0.03981587290763855 135 205 138
0.064011625945568085 0.32822227478027344 -0.040230322629213333 135 205 138
0.06366904079914093 0.32873168587684631 -0.04111134260892868 135 205 138
0.064538724720478058 0.32767125964164734 -0.039294138550758362 135 205 138
0.064815334975719452 0.32813498377799988 -0.038984935730695724 135 205 138
0.065162599086761475 0.32718923687934875 -0.038242481648921967 135 205 138
0.065376162528991699 0.32775014638900757 -0.037966564297676086 135 205 138
0.064526058733463287 0.33023825287818909 -0.038759831339120865 135 205 138
0.064515046775341034 0.33050772547721863 -0.037720289081335068 135 205 138
0.063390471041202545 0.3285273015499115 -0.034213874489068985 135 205 138
0.062712773680686951 0.32926148176193237 -0.033719833940267563 135 205 138
0.064058266580104828 0.32770872116088867 -0.034578904509544373 135 205 138
0.0645022913813591 0.32835134863853455 -0.03486313670873642 135 205 138
0.063921786844730377 0.32916176319122314 -0.034597825258970261 135 205 138
0.063365265727043152 0.32999944686889648 -0.0341930091381073 135 205 138
0.064435698091983795 0.32962256669998169 -0.035346686840057373 135 205 138
0.064908362925052643 0.32885795831680298 -0.035501964390277863 135 205 138
0.063938789069652557 0.33046957850456238 -0.035219620913267136 135 205 138
0.064745604991912842 0.32976967096328735 -0.036410532891750336 135 205 138
0.065141141414642334 0.32905080914497375 -0.036479748785495758 135 205 138
0.064326874911785126 0.33063513040542603 -0.036533363163471222 135 205 138
0.064695529639720917 0.32692199945449829 -0.03506016731262207 135 205 138
0.068489320576190948 0.32608208060264587 -0.038748789578676224 135 205 138
0.069064244627952576 0.32634428143501282 -0.03774893656373024 135 205 138
0.06797134131193161 0.32604575157165527 -0.038199014961719513 135 205 138
0.068285100162029266 0.32627540826797485 -0.037404946982860565 135 205 138
0.067274086177349091 0.3263104259967804 -0.038393504917621613 135 205 138
0.067681796848773956 0.32642173767089844 -0.039346378296613693 135 205 138
0.06747165322303772 0.32650136947631836 -0.037337388843297958 135 205 138
0.069741763174533844 0.32671135663986206 -0.038213644176721573 135 205 138
0.069194123148918152 0.32656759023666382 -0.03926512598991394 135 205 138
0.07011692225933075 0.3271234929561615 -0.038776654750108719 135 205 138
0.069815434515476227 0.32725623250007629 -0.039652470499277115 135 205 138
0.070543736219406128 0.32760366797447205 -0.038518324494361877 135 205 138
0.070192962884902954 0.32727119326591492 -0.037483111023902893 135 205 138
0.070412814617156982 0.32794561982154846 -0.039846144616603851 135 205 138
0.066357366740703583 0.32798132300376892 -0.037301797419786453 135 205 138
0.066767267882823944 0.32706153392791748 -0.037387683987617493 135 205 138
0.066858582198619843 0.32795828580856323 -0.036474369466304779 135 205 138
0.067293547093868256 0.32746574282646179 -0.036358650773763657 135 205 138
0.067128449678421021 0.32856565713882446 -0.035857837647199631 135 205 138
0.067871063947677612 0.32820197939872742 -0.035414952784776688 135 205 138
0.066369414329528809 0.32890960574150085 -0.036841630935668945 135 205 138
0.069702878594398499 0.32964834570884705 -0.042850196361541748 135 205 138
0.068642668426036835 0.32950103282928467 -0.042120121419429779 135 205 138
0.069063715636730194 0.32991933822631836 -0.043156843632459641 135 205 138
0.068046145141124725 0.33015266060829163 -0.042638804763555527 135 205 138
0.071003638207912445 0.32816961407661438 -0.038419082760810852 135 205 138
0.07062191516160965 0.32788541913032532 -0.037131946533918381 135 205 138
0.071058265864849091 0.32855835556983948 -0.039905250072479248 135 205 138
0.070779763162136078 0.32896149158477783 -0.041211862117052078 135 205 138
0.069948270916938782 0.32837074995040894 -0.040939681231975555 135 205 138
0.06930716335773468 0.32887718081474304 -0.041655376553535461 135 205 138
0.070275947451591492 0.32933235168457031 -0.042215220630168915 135 205 138
0.068349190056324005 0.32836464047431946 -0.041033238172531128 135 205 138
0.069151453673839569 0.32770255208015442 -0.040544785559177399 135 205 138
0.067634373903274536 0.32923880219459534 -0.041296832263469696 135 205 138
0.066865049302577972 0.32877829670906067 -0.040345620363950729 135 205 138
0.06753646582365036 0.32769781351089478 -0.040298163890838623 135 205 138
0.066403083503246307 0.32989615201950073 -0.040409155189990997 135 205 138
0.06708139181137085 0.33015173673629761 -0.041603859513998032 135 205 138
0.066006198525428772 0.32955008745193481 -0.039151869714260101 135 205 138
0.066328950226306915 0.32839208841323853 -0.039324332028627396 135 205 138
0.065983191132545471 0.32921874523162842 -0.03792557492852211 135 205 138
0.066131502389907837 0.32813712954521179 -0.038269851356744766 135 205 138
0.066575467586517334 0.32702583074569702 -0.038435123860836029 135 205 138
0.066886782646179199 0.32723411917686462 -0.039448440074920654 135 205 138
0.06841336190700531 0.32693761587142944 -0.040025986731052399 135 205 138
0.070033542811870575 0.32774710655212402 -0.036177054047584534 135 205 138
0.069550693035125732 0.32700660824775696 -0.0368456169962883 135 205 138
0.068785592913627625 0.32694801688194275 -0.036449268460273743 135 205 138
0.069321326911449432 0.32778432965278625 -0.035524912178516388 135 205 138
0.068567477166652679 0.32793509960174561 -0.035343769937753677 135 205 138
0.06801016628742218 0.32710045576095581 -0.036307573318481445 135 205 138
0.072382546961307526 0.32455375790596008 -0.037252645939588547 135 205 138
0.072170019149780273 0.32470375299453735 -0.037071235477924347 135 205 138
0.072145424783229828 0.32442176342010498 -0.037316959351301193 135 205 138
0.071762152016162872 0.3245694637298584 -0.037087447941303253 135 205 138
0.072920627892017365 0.32462409138679504 -0.037526749074459076 135 205 138
0.072898708283901215 0.32486990094184875 -0.037327870726585388 135 205 138
0.072829321026802063 0.32441282272338867 -0.03774561733007431 135 205 138
0.071147039532661438 0.3254891037940979 -0.038273781538009644 135 205 138
0.071053348481655121 0.32525992393493652 -0.038226477801799774 135 205 138
0.071131020784378052 0.32554709911346436 -0.037988729774951935 135 205 138
0.07096872478723526 0.32524007558822632 -0.037786263972520828 135 205 138
0.071368560194969177 0.32568854093551636 -0.038653630763292313 135 205 138
0.071333408355712891 0.32542791962623596 -0.038809098303318024 135 205 138
0.071424834430217743 0.3258831799030304 -0.038399763405323029 135 205 138
0.071327857673168182 0.32526573538780212 -0.03709990531206131 135 205 138
0.071660555899143219 0.32561653852462769 -0.037155598402023315 135 205 138
0.071288034319877625 0.32541868090629578 -0.037207402288913727 135 205 138
0.071489378809928894 0.32571309804916382 -0.03731146827340126 135 205 138
0.071324281394481659 0.32570165395736694 -0.037510212510824203 135 205 138
0.071137182414531708 0.32533439993858337 -0.037319649010896683 135 205 138
0.071111112833023071 0.32511207461357117 -0.037209730595350266 135 205 138
0.071336761116981506 0.32441091537475586 -0.037538554519414902 135 205 138
0.07155890017747879 0.32425606250762939 -0.038022413849830627 135 205 138
0.071491613984107971 0.32430610060691833 -0.03754841536283493 135 205 138
0.071735836565494537 0.32417288422584534 -0.037878673523664474 135 205 138
0.071529455482959747 0.32437980175018311 -0.037349957972764969 135 205 138
0.071345254778862 0.32452735304832458 -0.037252645939588547 135 205 138
0.071886204183101654 0.32420128583908081 -0.037678174674510956 135 205 138
0.073082678020000458 0.32713460922241211 -0.03917573019862175 135 205 138
0.072534523904323578 0.32675132155418396 -0.038696430623531342 135 205 138
0.073326721787452698 0.327146977186203 -0.038871202617883682 135 205 138
0.072774931788444519 0.32675802707672119 -0.038410749286413193 135 205 138
0.072918549180030823 0.32708290219306946 -0.03956267237663269 135 205 138
0.072367899119853973 0.32668676972389221 -0.039051733911037445 135 205 138
0.071940094232559204 0.32637566328048706 -0.038604896515607834 135 205 138
0.072113186120986938 0.32646551728248596 -0.038288887590169907 135 205 138
0.072272278368473053 0.32655218243598938 -0.03945460170507431 135 205 138
0.072841279208660126 0.32698479294776917 -0.040002200752496719 135 205 138
0.071820616722106934 0.32621955871582031 -0.038930311799049377 135 205 138
0.071535073220729828 0.32602018117904663 -0.038132887333631516 135 205 138
0.07176642119884491 0.32598564028739929 -0.039232127368450165 135 205 138
0.072252169251441956 0.32632842659950256 -0.039837177842855453 135 205 138
0.071764677762985229 0.32569724321365356 -0.03946797177195549 135 205 138
0.072294041514396667 0.32604560256004333 -0.040160130709409714 135 205 138
0.071834169328212738 0.32538428902626038 -0.039620712399482727 135 205 138
0.072412386536598206 0.32571998238563538 -0.040393877774477005 135 205 138
0.071375705301761627 0.32514974474906921 -0.038902845233678818 135 205 138
0.07106134295463562 0.32501587271690369 -0.038246907293796539 135 205 138
0.071480654180049896 0.32487767934799194 -0.038936775177717209 135 205 138
0.07198556512594223 0.32507041096687317 -0.039705723524093628 135 205 138
0.07114468514919281 0.32479116320610046 -0.038250342011451721 135 205 138
0.070993900299072266 0.32480719685554504 -0.037711229175329208 135 205 138
0.070940218865871429 0.32500541210174561 -0.037740010768175125 135 205 138
0.07125961035490036 0.32458823919296265 -0.038212478160858154 135 205 138
0.071632325649261475 0.32462227344512939 -0.038908738642930984 135 205 138
0.071089021861553192 0.3246401846408844 -0.037665605545043945 135 205 138
0.071110419929027557 0.32473242282867432 -0.037312764674425125 135 205 138
0.071023955941200256 0.32487449049949646 -0.037360675632953644 135 205 138
0.071207426488399506 0.32451102137565613 -0.037601936608552933 135 205 138
0.071405678987503052 0.32440185546875 -0.038140516728162766 135 205 138
0.071219019591808319 0.32462120056152344 -0.037270400673151016 135 205 138
0.071342773735523224 0.32472053170204163 -0.037085790187120438 135 205 138
0.071245186030864716 0.32484015822410583 -0.037102058529853821 135 205 138
0.071449011564254761 0.32459929585456848 -0.037105303257703781 135 205 138
0.071619965136051178 0.32445472478866577 -0.037202976644039154 135 205 138
0.071645393967628479 0.32471442222595215 -0.036997996270656586 135 205 138
0.071578465402126312 0.32486334443092346 -0.036972817033529282 135 205 138
0.072101131081581116 0.32489928603172302 -0.036982469260692596 135 205 138
0.072050750255584717 0.32510772347450256 -0.036966502666473389 135 205 138
0.071501374244689941 0.32501059770584106 -0.036985538899898529 135 205 138
0.071959197521209717 0.3253009021282196 -0.036993149667978287 135 205 138
0.07181723415851593 0.32547813653945923 -0.037060745060443878 135 205 138
0.071411475539207458 0.32514044642448425 -0.037028148770332336 135 205 138
0.071161195635795593 0.32496559619903564 -0.037141274660825729 135 205 138
0.070982880890369415 0.32505407929420471 -0.037418965250253677 135 205 138
0.071019746363162994 0.32529151439666748 -0.03751368448138237 135 205 138
0.071205593645572662 0.32564032077789307 -0.037738196551799774 135 205 138
0.07167816162109375 0.32611417770385742 -0.037857674062252045 135 205 138
0.071880646049976349 0.32612112164497375 -0.037611644715070724 135 205 138
0.07235061377286911 0.32647275924682617 -0.038011539727449417 135 205 138
0.072127595543861389 0.32602325081825256 -0.03742329403758049 135 205 138
0.072640351951122284 0.32638329267501831 -0.037796221673488617 135 205 138
0.073094911873340607 0.32669991254806519 -0.038196209818124771 135 205 138
0.07294125109910965 0.32622337341308594 -0.037646837532520294 135 205 138
0.073479682207107544 0.32657501101493835 -0.038060616701841354 135 205 138
0.073663026094436646 0.32711416482925415 -0.038627997040748596 135 205 138
0.074071504175662994 0.32702627778053284 -0.038472279906272888 135 205 138
0.073840215802192688 0.32636955380439758 -0.037992049008607864 135 205 138
0.074500188231468201 0.32686316967010498 -0.038413133472204208 135 205 138
0.075214691460132599 0.32523459196090698 -0.039384108036756516 135 205 138
0.074348941445350647 0.3248898983001709 -0.038831930607557297 135 205 138
0.075031496584415436 0.32498067617416382 -0.039739750325679779 135 205 138
0.074181608855724335 0.32467597723007202 -0.039153698831796646 135 205 138
0.075310401618480682 0.32555624842643738 -0.039068441838026047 135 205 138
0.074438139796257019 0.32516685128211975 -0.03853674978017807 135 205 138
0.073654875159263611 0.32483771443367004 -0.03799506276845932 135 205 138
0.0735735222697258 0.32459044456481934 -0.038266591727733612 135 205 138
0.075300998985767365 0.32591301202774048 -0.038802385330200195 135 205 138
0.074435696005821228 0.32547950744628906 -0.038292281329631805 135 205 138
0.073658719658851624 0.32512611150741577 -0.037765949964523315 135 205 138
0.074330359697341919 0.32579711079597473 -0.038115337491035461 135 205 138
0.073582187294960022 0.32543128728866577 -0.037611033767461777 135 205 138
0.072839327156543732 0.32513800263404846 -0.037205055356025696 135 205 138
0.073431611061096191 0.32573089003562927 -0.037541303783655167 135 205 138
0.072733610868453979 0.32540640234947205 -0.037168227136135101 135 205 138
0.073210902512073517 0.3260040283203125 -0.037555187940597534 135 205 138
0.072562806308269501 0.32565879821777344 -0.037198133766651154 135 205 138
0.072356715798377991 0.3258654773235321 -0.03728785365819931 135 205 138
0.07412932813167572 0.32610389590263367 -0.038008280098438263 135 205 138
0.074896149337291718 0.32659691572189331 -0.038457706570625305 135 205 138
0.075166903436183929 0.32626891136169434 -0.038593817502260208 135 205 138
0.0726885125041008 0.32424551248550415 -0.037984073162078857 135 205 138
0.073414802551269531 0.32440131902694702 -0.038555555045604706 135 205 138
0.073193393647670746 0.32427984476089478 -0.038849838078022003 135 205 138
0.072491370141506195 0.32414206862449646 -0.038233194500207901 135 205 138
0.073952727019786835 0.32454079389572144 -0.039483174681663513 135 205 138
0.073677890002727509 0.3245028555393219 -0.039798382669687271 135 205 138
0.072932988405227661 0.32425239682197571 -0.039128940552473068 135 205 138
0.07450229674577713 0.32476341724395752 -0.040484514087438583 135 205 138
0.074785739183425903 0.32481926679611206 -0.040115252137184143 135 205 138
0.073394745588302612 0.32458227872848511 -0.040094859898090363 135 205 138
0.074194982647895813 0.32482397556304932 -0.040837619453668594 135 205 138
0.07357189804315567 0.32533043622970581 -0.041360005736351013 135 205 138
0.072853490710258484 0.32503113150596619 -0.040505588054656982 135 205 138
0.073304936289787292 0.32574605941772461 -0.041398763656616211 135 205 138
0.072619058191776276 0.32537147402763367 -0.040531758219003677 135 205 138
0.073877409100532532 0.32501220703125 -0.041148386895656586 135 205 138
0.073112525045871735 0.32476127147674561 -0.040344648063182831 135 205 138
0.07240527868270874 0.32452672719955444 -0.039564274251461029 135 205 138
0.072180211544036865 0.32477599382400513 -0.039680946618318558 135 205 138
0.072665981948375702 0.32435020804405212 -0.039372969418764114 135 205 138
0.07203403115272522 0.32421806454658508 -0.038668964058160782 135 205 138
0.071819067001342773 0.32439491152763367 -0.038820695132017136 135 205 138
0.072264805436134338 0.32412070035934448 -0.038470715284347534 135 205 138
0.073092013597488403 0.32617124915122986 -0.04124167189002037 135 205 138
0.072938688099384308 0.32654541730880737 -0.040911473333835602 135 205 138
0.072851710021495819 0.32682257890701294 -0.04045584425330162 135 205 138
0.072013668715953827 0.32428687810897827 -0.037481069564819336 135 205 138
0.068734779953956604 0.32407677173614502 -0.036725375801324844 135 205 138
0.068809658288955688 0.3238164484500885 -0.036361150443553925 135 205 138
0.069130674004554749 0.32434815168380737 -0.036464281380176544 135 205 138
0.069302186369895935 0.32428830862045288 -0.03616633266210556 135 205 138
0.069335751235485077 0.32457053661346436 -0.036634262651205063 135 205 138
0.069631196558475494 0.32462683320045471 -0.036303699016571045 135 205 138
0.068848386406898499 0.32433098554611206 -0.03709900751709938 135 205 138
0.070606939494609833 0.32426506280899048 -0.035966098308563232 135 205 138
0.070458650588989258 0.32447820901870728 -0.036024618893861771 135 205 138
0.070437051355838776 0.32407781481742859 -0.035803116858005524 135 205 138
0.070157013833522797 0.32426369190216064 -0.035765238106250763 135 205 138
0.070899806916713715 0.32408446073532104 -0.036267004907131195 135 205 138
0.070889808237552643 0.32436209917068481 -0.036480054259300232 135 205 138
0.070751592516899109 0.32381927967071533 -0.036070507019758224 135 205 138
0.070277981460094452 0.32366186380386353 -0.035789098590612411 135 205 138
0.070162877440452576 0.32304298877716064 -0.035960301756858826 135 205 138
0.070569306612014771 0.32354238629341125 -0.035973004996776581 135 205 138
0.070617370307445526 0.32310202717781067 -0.036183729767799377 135 205 138
0.070986062288284302 0.32333946228027344 -0.03646719828248024 135 205 138
0.069481045007705688 0.32455620169639587 -0.038948886096477509 135 205 138
0.068943634629249573 0.32443761825561523 -0.038641612976789474 135 205 138
0.069619357585906982 0.32470366358757019 -0.038174942135810852 135 205 138
0.069356843829154968 0.3246569037437439 -0.037766829133033752 135 205 138
0.070012301206588745 0.3247876763343811 -0.037959583103656769 135 205 138
0.070089265704154968 0.3245793879032135 -0.038980662822723389 135 205 138
0.069783143699169159 0.32482123374938965 -0.037311200052499771 135 205 138
0.06852450966835022 0.32420295476913452 -0.039815433323383331 135 205 138
0.069271847605705261 0.32434287667274475 -0.040151204913854599 135 205 138
0.067968294024467468 0.32393911480903625 -0.039249163120985031 135 205 138
0.068544074892997742 0.32425200939178467 -0.038223829120397568 135 205 138
0.06765475869178772 0.32358360290527344 -0.038561809808015823 135 205 138
0.068278044462203979 0.32399284839630127 -0.03773977980017662 135 205 138
0.069078065454959869 0.32452759146690369 -0.03742976114153862 135 205 138
0.069544650614261627 0.32473745942115784 -0.036930952221155167 135 205 138
0.06987868994474411 0.32481130957603455 -0.036641910672187805 135 205 138
0.070174224674701691 0.32487854361534119 -0.037106484174728394 135 205 138
0.070507504045963287 0.32480505108833313 -0.036918535828590393 135 205 138
0.070130959153175354 0.32477927207946777 -0.036400802433490753 135 205 138
0.070462740957736969 0.32476446032524109 -0.037811078131198883 135 205 138
0.070857763290405273 0.32460913062095642 -0.037632398307323456 135 205 138
0.071147732436656952 0.32427802681922913 -0.038550250232219696 135 205 138
0.070667639374732971 0.32448431849479675 -0.038830935955047607 135 205 138
0.071446262300014496 0.32391563057899475 -0.039542187005281448 135 205 138
0.070848576724529266 0.32419395446777344 -0.039977636188268661 135 205 138
0.070086859166622162 0.32433798909187317 -0.040198963135480881 135 205 138
0.067570894956588745 0.32315176725387573 -0.037846840918064117 135 205 138
0.067696042358875275 0.32269111275672913 -0.037222586572170258 135 205 138
0.068187348544597626 0.32366248965263367 -0.037218466401100159 135 205 138
0.06827273964881897 0.32330039143562317 -0.036748457700014114 135 205 138
0.068020418286323547 0.32223442196846008 -0.036742448806762695 135 205 138
0.068525940179824829 0.32294103503227234 -0.03637232631444931 135 205 138
0.068999119102954865 0.32356512546539307 -0.036093588918447495 135 205 138
0.068938292562961578 0.32261663675308228 -0.036132916808128357 135 205 138
0.069305606186389923 0.32331076264381409 -0.035906895995140076 135 205 138
0.069648168981075287 0.32395485043525696 -0.035781238228082657 135 205 138
0.06945212185382843 0.3241436779499054 -0.035936497151851654 135 205 138
0.069960266351699829 0.32442709803581238 -0.035879772156476974 135 205 138
0.069803684949874878 0.3245595395565033 -0.03606337308883667 135 205 138
0.070312842726707458 0.32465782761573792 -0.036191090941429138 135 205 138
0.070753604173660278 0.32461386919021606 -0.036704700440168381 135 205 138
0.071269072592258453 0.32401770353317261 -0.037092294543981552 135 205 138
0.071139618754386902 0.32434850931167603 -0.037387095391750336 135 205 138
0.071574375033378601 0.32357612252235413 -0.037714071571826935 135 205 138
0.071472443640232086 0.32397651672363281 -0.038168076425790787 135 205 138
0.071857519447803497 0.32302063703536987 -0.038377523422241211 135 205 138
0.071790739893913269 0.323515385389328 -0.038984842598438263 135 205 138
0.071118928492069244 0.32277151942253113 -0.036873426288366318 135 205 138
0.070637971162796021 0.32248634099960327 -0.036505423486232758 135 205 138
0.071259498596191406 0.32206183671951294 -0.037348031997680664 135 205 138
0.070690765976905823 0.32170996069908142 -0.03693312406539917 135 205 138
0.071663089096546173 0.322517991065979 -0.03783034160733223 135 205 138
0.071445837616920471 0.32315406203269958 -0.037293441593647003 135 205 138
0.071216553449630737 0.32366034388542175 -0.036778151988983154 135 205 138
0.070065222680568695 0.32235908508300781 -0.036232974380254745 135 205 138
0.069995693862438202 0.3215344250202179 -0.0366038978099823 135 205 138
0.069474607706069946 0.32240629196166992 -0.036092117428779602 135 205 138
0.069246336817741394 0.32157278060913086 -0.036419056355953217 135 205 138
0.068549647927284241 0.32182732224464417 -0.036453865468502045 135 205 138
0.069705113768577576 0.32312247157096863 -0.035857286304235458 135 205 138
0.069934479892253876 0.32378700375556946 -0.035711467266082764 135 205 138
0.082881927490234375 0.31066489219665527 -0.02513691782951355 135 205 138
0.08343680202960968 0.31041845679283142 -0.025146398693323135 135 205 138
0.083402469754219055 0.31128835678100586 -0.024409951642155647 135 205 138
0.084118746221065521 0.31086546182632446 -0.024573316797614098 135 205 138
0.082520939409732819 0.3116147518157959 -0.024981698021292686 135 205 138
0.082368440926074982 0.31088888645172119 -0.025377873331308365 135 205 138
0.082339778542518616 0.31171485781669617 -0.029245041310787201 135 205 138
0.083244115114212036 0.31096869707107544 -0.029498033225536346 135 205 138
0.082175940275192261 0.3107045590877533 -0.028333481401205063 135 205 138
0.08277130126953125 0.31033569574356079 -0.028495529666543007 135 205 138
0.081803865730762482 0.3119494616985321 -0.0283336341381073 135 205 138
0.081749416887760162 0.31099006533622742 -0.027871046215295792 135 205 138
0.081892281770706177 0.30967611074447632 -0.026168011128902435 135 205 138
0.081694915890693665 0.30990898609161377 -0.026453198865056038 135 205 138
0.081827737390995026 0.30937141180038452 -0.026540173217654228 135 205 138
0.081720009446144104 0.30962410569190979 -0.026882333680987358 135 205 138
0.082089759409427643 0.30922538042068481 -0.026509236544370651 135 205 138
0.082215547561645508 0.30957403779029846 -0.026003865525126457 135 205 138
0.082028746604919434 0.30938291549682617 -0.027066392824053764 135 205 138
0.081692807376384735 0.31066030263900757 -0.026442479342222214 135 205 138
0.081708163022994995 0.31120261549949646 -0.026482762768864632 135 205 138
0.081610560417175293 0.31043577194213867 -0.026843918487429619 135 205 138
0.081614598631858826 0.31117239594459534 -0.027199963107705116 135 205 138
0.081860080361366272 0.31038177013397217 -0.02607148140668869 135 205 138
0.081971652805805206 0.31107443571090698 -0.025853224098682404 135 205 138
0.084956660866737366 0.31006926298141479 -0.0281657874584198 135 205 138
0.085206672549247742 0.31001302599906921 -0.027338095009326935 135 205 138
0.084284789860248566 0.30986610054969788 -0.027785805985331535 135 205 138
0.084230080246925354 0.30972778797149658 -0.027201680466532707 135 205 138
0.083769567310810089 0.30986389517784119 -0.028023136779665947 135 205 138
0.084496915340423584 0.31023010611534119 -0.028799237683415413 135 205 138
0.083515383303165436 0.30951789021492004 -0.027306202799081802 135 205 138
0.083332739770412445 0.30980047583580017 -0.025710592046380043 135 205 138
0.082926064729690552 0.30999702215194702 -0.025539254769682884 135 205 138
0.082966499030590057 0.3095242977142334 -0.02595946192741394 135 205 138
0.082602575421333313 0.30954444408416748 -0.025941990315914154 135 205 138
0.08298984169960022 0.30931434035301208 -0.02631399966776371 135 205 138
0.083544529974460602 0.30956694483757019 -0.026131600141525269 135 205 138
0.082505613565444946 0.30921089649200439 -0.026428727433085442 135 205 138
0.081645779311656952 0.31205251812934875 -0.027467641979455948 135 205 138
0.081715278327465057 0.31202033162117004 -0.026544712483882904 135 205 138
0.082009799778461456 0.31187140941619873 -0.025690525770187378 135 205 138
0.084655299782752991 0.31055504083633423 -0.024972906336188316 135 205 138
0.08390934020280838 0.31015953421592712 -0.025402173399925232 135 205 138
0.085041165351867676 0.31028616428375244 -0.025627583265304565 135 205 138
0.084211394190788269 0.3099198043346405 -0.025905294343829155 135 205 138
0.085227236151695251 0.31009116768836975 -0.026458386331796646 135 205 138
0.084289282560348511 0.3097560703754425 -0.026543434709310532 135 205 138
0.083565644919872284 0.30944022536277771 -0.026697739958763123 135 205 138
0.082993559539318085 0.30926811695098877 -0.026886148378252983 135 205 138
0.083035856485366821 0.30952093005180359 -0.027551373466849327 135 205 138
0.082486726343631744 0.30924978852272034 -0.027038125321269035 135 205 138
0.082552306354045868 0.30966681241989136 -0.027719983831048012 135 205 138
0.083295285701751709 0.31003546714782715 -0.028331136330962181 135 205 138
0.083938568830490112 0.31052374839782715 -0.029274644330143929 135 205 138
0.082064665853977203 0.30992332100868225 -0.027669228613376617 135 205 138
0.081705778837203979 0.31020545959472656 -0.02735321968793869 135 205 138
0.082483306527137756 0.31011778116226196 -0.025572517886757851 135 205 138
0.082117676734924316 0.31022664904594421 -0.02575678750872612 135 205 138
0.077720522880554199 0.30386099219322205 -0.02667841874063015 135 205 138
0.076877020299434662 0.30398100614547729 -0.026838693767786026 135 205 138
0.077419653534889221 0.30393517017364502 -0.025974435731768608 135 205 138
0.076821409165859222 0.30403631925582886 -0.025847615674138069 135 205 138
0.077696442604064941 0.30380180478096008 -0.025479268282651901 135 205 138
0.077003695070743561 0.30402830243110657 -0.02506224624812603 135 205 138
0.078340299427509308 0.30358251929283142 -0.026291761547327042 135 205 138
0.076851807534694672 0.30387726426124573 -0.023793591186404228 135 205 138
0.076611056923866272 0.30405128002166748 -0.024320507422089577 135 205 138
0.076321713626384735 0.30391302704811096 -0.023759316653013229 135 205 138
0.076006382703781128 0.30391165614128113 -0.024164190515875816 135 205 138
0.076205231249332428 0.30370414257049561 -0.02346186526119709 135 205 138
0.076907321810722351 0.30356818437576294 -0.023363905027508736 135 205 138
0.075673796236515045 0.30360046029090881 -0.023866185918450356 135 205 138
0.07612774521112442 0.30303564667701721 -0.023098554462194443 135 205 138
0.076146513223648071 0.30337950587272644 -0.023204296827316284 135 205 138
0.075798831880092621 0.30280083417892456 -0.023288067430257797 135 205 138
0.075624912977218628 0.30319860577583313 -0.023545235395431519 135 205 138
0.076506346464157104 0.30277672410011292 -0.023050393909215927 135 205 138
0.076808318495750427 0.30317223072052002 -0.023086071014404297 135 205 138
0.07611963152885437 0.30254334211349487 -0.023183966055512428 135 205 138
0.075537450611591339 0.30234870314598083 -0.02367432601749897 135 205 138
0.076111845672130585 0.30207580327987671 -0.023400401696562767 135 205 138
0.076831936836242676 0.3021889328956604 -0.023237504065036774 135 205 138
0.078757971525192261 0.30318886041641235 -0.025811165571212769 135 205 138
0.078040890395641327 0.30352562665939331 -0.025043249130249023 135 205 138
0.078910060226917267 0.30267372727394104 -0.025238847360014915 135 205 138
0.078230381011962891 0.30309882760047913 -0.024594563990831375 135 205 138
0.078707732260227203 0.30205321311950684 -0.024635609239339828 135 205 138
0.078158110380172729 0.30255797505378723 -0.024115972220897675 135 205 138
0.078053250908851624 0.30143058300018311 -0.024187058210372925 135 205 138
0.077753357589244843 0.30199790000915527 -0.02373499795794487 135 205 138
0.076967768371105194 0.30156645178794861 -0.023587141185998917 135 205 138
0.077022701501846313 0.30098813772201538 -0.024037331342697144 135 205 138
0.076014041900634766 0.30150976777076721 -0.023775834590196609 135 205 138
0.075876615941524506 0.3009294867515564 -0.02423558197915554 135 205 138
0.077355414628982544 0.3026064932346344 -0.023331737145781517 135 205 138
0.07757674902677536 0.30310142040252686 -0.023641491308808327 135 205 138
0.077538728713989258 0.30354255437850952 -0.024063272401690483 135 205 138
0.077320009469985962 0.30386924743652344 -0.024530686438083649 135 205 138
0.076315216720104218 0.30404257774353027 -0.024979352951049805 135 205 138
0.076078377664089203 0.30394035577774048 -0.025810079649090767 135 205 138
0.075685791671276093 0.30378112196922302 -0.024807596579194069 135 205 138
0.075362212955951691 0.30356618762016296 -0.02556983008980751 135 205 138
0.074935726821422577 0.30297476053237915 -0.025104817003011703 135 205 138
0.075296752154827118 0.30333852767944336 -0.024451399222016335 135 205 138
0.074919804930686951 0.3023708164691925 -0.024601144716143608 135 205 138
0.075252324342727661 0.30282250046730042 -0.024031477048993111 135 205 138
0.075283661484718323 0.30183708667755127 -0.024149913340806961 135 205 138
0.075005583465099335 0.3012804388999939 -0.024655751883983612 135 205 138
0.074553981423377991 0.30185425281524658 -0.025192612782120705 135 205 138
0.074507720768451691 0.30256950855255127 -0.02582922950387001 135 205 138
0.075000427663326263 0.30332115292549133 -0.026416463777422905 135 205 138
0.075900331139564514 0.30382880568504333 -0.026784734800457954 135 205 138
0.082652345299720764 0.28788328170776367 -0.016212262213230133 135 205 138
0.082808323204517365 0.2869371771812439 -0.014642162248492241 135 205 138
0.081689059734344482 0.28778496384620667 -0.01563563384115696 135 205 138
0.081904999911785126 0.28713110089302063 -0.014598741196095943 135 205 138
0.081258885562419891 0.2886548638343811 -0.016120653599500656 135 205 138
0.081969819962978363 0.28902611136436462 -0.016659002751111984 135 205 138
0.079586401581764221 0.28870460391044617 -0.015320328995585442 135 205 138
0.079646274447441101 0.28822243213653564 -0.015161904506385326 135 205 138
0.079197235405445099 0.28892967104911804 -0.015007123351097107 135 205 138
0.079033173620700836 0.2883409857749939 -0.014728650450706482 135 205 138
0.079744689166545868 0.28950124979019165 -0.015346174128353596 135 205 138
0.080083653330802917 0.28900480270385742 -0.015657052397727966 135 205 138
0.080441132187843323 0.28836342692375183 -0.015639849007129669 135 205 138
0.079149998724460602 0.28781074285507202 -0.013512487523257732 135 205 138
0.079591214656829834 0.28777045011520386 -0.012939891777932644 135 205 138
0.078919216990470886 0.28809806704521179 -0.013232888653874397 135 205 138
0.079217225313186646 0.28824028372764587 -0.012781782075762749 135 205 138
0.078643560409545898 0.28841650485992432 -0.013469800353050232 135 205 138
0.078818269073963165 0.28811377286911011 -0.013957500457763672 135 205 138
0.078915342688560486 0.28878197073936462 -0.012921972200274467 135 205 138
0.08016977459192276 0.28734642267227173 -0.014210824854671955 135 205 138
0.081013098359107971 0.28723427653312683 -0.014459390193223953 135 205 138
0.080355867743492126 0.28725889325141907 -0.013675393536686897 135 205 138
0.080955415964126587 0.28715446591377258 -0.013569344766438007 135 205 138
0.08060678094625473 0.28739744424819946 -0.012830419465899467 135 205 138
0.079985111951828003 0.28744849562644958 -0.013275670818984509 135 205 138
0.079551845788955688 0.28755956888198853 -0.013852434232831001 135 205 138
0.078816622495651245 0.2892799973487854 -0.013282231986522675 135 205 138
0.079268380999565125 0.28976568579673767 -0.012859144248068333 135 205 138
0.078913085162639618 0.28964027762413025 -0.013629741035401821 135 205 138
0.079245060682296753 0.29009482264518738 -0.013501844368875027 135 205 138
0.079301364719867706 0.29009804129600525 -0.014225663617253304 135 205 138
0.078868016600608826 0.289468914270401 -0.014102830551564693 135 205 138
0.078600764274597168 0.28891304135322571 -0.0138154411688447 135 205 138
0.08140573650598526 0.28991127014160156 -0.016534099355340004 135 205 138
0.080759979784488678 0.28943756222724915 -0.016098985448479652 135 205 138
0.080918729305267334 0.29061034321784973 -0.015999613329768181 135 205 138
0.08034234493970871 0.29003912210464478 -0.015690259635448456 135 205 138
0.080002173781394958 0.29046165943145752 -0.015041112899780273 135 205 138
0.079472504556179047 0.28986594080924988 -0.0148530388250947 135 205 138
0.080554753541946411 0.29107427597045898 -0.015189218334853649 135 205 138
0.079779759049415588 0.29070493578910828 -0.014234017580747604 135 205 138
0.080327115952968597 0.29128357768058777 -0.014208783395588398 135 205 138
0.079722687602043152 0.29066678881645203 -0.013314065523445606 135 205 138
0.080255039036273956 0.29122138023376465 -0.013143166899681091 135 205 138
0.07980838418006897 0.29028937220573425 -0.012508401647210121 135 205 138
0.080343291163444519 0.29084953665733337 -0.012193307280540466 135 205 138
0.080575406551361084 0.29014411568641663 -0.011526899412274361 135 205 138
0.080009497702121735 0.2896449863910675 -0.011972026899456978 135 205 138
0.079429775476455688 0.28920051455497742 -0.012417001649737358 135 205 138
0.079764470458030701 0.28851860761642456 -0.012252483516931534 135 205 138
0.080378234386444092 0.28883674740791321 -0.011771831661462784 135 205 138
0.081007175147533417 0.28919225931167603 -0.011273326352238655 135 205 138
0.080182284116744995 0.28787147998809814 -0.012397928163409233 135 205 138
0.080854639410972595 0.28800421953201294 -0.011960648931562901 135 205 138
0.0815768763422966 0.28816032409667969 -0.011511735618114471 135 205 138
0.081338897347450256 0.28738319873809814 -0.012534245848655701 135 205 138
0.082142122089862823 0.28733429312705994 -0.012187699787318707 135 205 138
0.081746406853199005 0.28704383969306946 -0.013465318828821182 135 205 138
0.082621738314628601 0.28684332966804504 -0.013269242830574512 135 205 138
0.078960604965686798 0.28923133015632629 -0.014596566557884216 135 205 138
0.078710541129112244 0.28861412405967712 -0.014311075210571289 135 205 138
0.079235322773456573 0.28786385059356689 -0.014366435818374157 135 205 138
0.079913787543773651 0.28771474957466125 -0.014787120744585991 135 205 138
0.080788485705852509 0.28771400451660156 -0.01522077526897192 135 205 138
0.077141761779785156 0.28614905476570129 -0.012821636162698269 135 205 138
0.077799111604690552 0.28600761294364929 -0.012853069230914116 135 205 138
0.077397190034389496 0.28659918904304504 -0.012909898534417152 135 205 138
0.077921360731124878 0.28662163019180298 -0.013081492856144905 135 205 138
0.077171169221401215 0.28691092133522034 -0.013110914267599583 135 205 138
0.07781326025724411 0.28711792826652527 -0.013420696370303631 135 205 138
0.076703101396560669 0.28644034266471863 -0.013079967349767685 135 205 138
0.076808534562587738 0.2874646782875061 -0.013777933083474636 135 205 138
0.076460152864456177 0.2872205376625061 -0.013936814852058887 135 205 138
0.076945006847381592 0.28724920749664307 -0.013436326757073402 135 205 138
0.076460480690002441 0.2868092954158783 -0.013476419262588024 135 205 138
0.077558740973472595 0.28747871518135071 -0.013799962587654591 135 205 138
0.077208071947097778 0.28764578700065613 -0.014162397012114525 135 205 138
0.076801396906375885 0.28755316138267517 -0.014467840082943439 135 205 138
0.076691322028636932 0.28710120916366577 -0.016736516728997231 135 205 138
0.076223723590373993 0.28679868578910828 -0.016306009143590927 135 205 138
0.076776705682277679 0.28733977675437927 -0.016136063262820244 135 205 138
0.076489321887493134 0.28721457719802856 -0.015708599239587784 135 205 138
0.076901949942111969 0.28753936290740967 -0.015314226038753986 135 205 138
0.077307127416133881 0.28758293390274048 -0.016033276915550232 135 205 138
0.078152433037757874 0.28438162803649902 -0.012909135781228542 135 205 138
0.078261412680149078 0.28340950608253479 -0.012820539064705372 135 205 138
0.078781984746456146 0.28436943888664246 -0.013037328608334064 135 205 138
0.079153023660182953 0.28372231125831604 -0.013038435019552708 135 205 138
0.079051122069358826 0.28491759300231934 -0.013214273378252983 135 205 138
0.078306883573532104 0.28518089652061462 -0.012960252352058887 135 205 138
0.079803615808486938 0.28432556986808777 -0.013469705358147621 135 205 138
0.078910708427429199 0.28751647472381592 -0.016563614830374718 135 205 138
0.07837338000535965 0.28762182593345642 -0.015650548040866852 135 205 138
0.079566285014152527 0.28717932105064392 -0.016020573675632477 135 205 138
0.078887939453125 0.28735390305519104 -0.015192422084510326 135 205 138
0.078172825276851654 0.28758552670478821 -0.016899766400456429 135 205 138
0.077838562428951263 0.28768867254257202 -0.015924291685223579 135 205 138
0.077338166534900665 0.28770315647125244 -0.015102338045835495 135 205 138
0.077794797718524933 0.28768369555473328 -0.014831609092652798 135 205 138
0.077476136386394501 0.28743523359298706 -0.016971416771411896 135 205 138
0.078225374221801758 0.28747650980949402 -0.014433946460485458 135 205 138
0.078520476818084717 0.28708013892173767 -0.013966264203190804 135 205 138
0.079262815415859222 0.28689178824424744 -0.014622630551457405 135 205 138
0.079402834177017212 0.28627723455429077 -0.014057016000151634 135 205 138
0.0786251500248909 0.28652709722518921 -0.013520726934075356 135 205 138
0.080251432955265045 0.28588217496871948 -0.014710397459566593 135 205 138
0.080029696226119995 0.28661367297172546 -0.015378770418465137 135 205 138
0.079317539930343628 0.28558981418609619 -0.013563394546508789 135 205 138
0.078540012240409851 0.28587713837623596 -0.01316178310662508 135 205 138
0.080185122787952423 0.2850784957408905 -0.014055985957384109 135 205 138
0.077574282884597778 0.28531286120414734 -0.012808637693524361 135 205 138
0.076883330941200256 0.28550514578819275 -0.012895640917122364 135 205 138
0.076685331761837006 0.28473106026649475 -0.013050059787929058 135 205 138
0.077403046190738678 0.28447806835174561 -0.012867412529885769 135 205 138
0.076475799083709717 0.28383299708366394 -0.013164891861379147 135 205 138
0.077317386865615845 0.28345152735710144 -0.012859201058745384 135 205 138
0.076133698225021362 0.28517997264862061 -0.013463201001286507 135 205 138
0.076366521418094635 0.28584441542625427 -0.013238419778645039 135 205 138
0.07588418573141098 0.28447303175926208 -0.013692674227058887 135 205 138
0.07583840936422348 0.28572386503219604 -0.014010533690452576 135 205 138
0.076099209487438202 0.28626838326454163 -0.01371342595666647 135 205 138
0.075624123215675354 0.28517752885818481 -0.01433652825653553 135 205 138
0.075632907450199127 0.28585243225097656 -0.015054215677082539 135 205 138
0.075849950313568115 0.28632375597953796 -0.014635448344051838 135 205 138
0.076120518147945404 0.28684517741203308 -0.015209149569272995 135 205 138
0.075859799981117249 0.28640136122703552 -0.015740031376481056 135 205 138
0.076440274715423584 0.28724724054336548 -0.014786271378397942 135 205 138
0.076131932437419891 0.28678351640701294 -0.014249028638005257 135 205 138
0.07799810916185379 0.28028890490531921 -0.01078406348824501 135 205 138
0.078279875218868256 0.28096151351928711 -0.010945634916424751 135 205 138
0.078694678843021393 0.28020483255386353 -0.010712137445807457 135 205 138
0.079044461250305176 0.28065788745880127 -0.01070588082075119 135 205 138
0.078888699412345886 0.27977117896080017 -0.010463152080774307 135 205 138
0.077881470322608948 0.27969262003898621 -0.010419015772640705 135 205 138
0.079540804028511047 0.28021523356437683 -0.010396404191851616 135 205 138
0.076393276453018188 0.28127402067184448 -0.010312938131392002 135 205 138
0.0762176513671875 0.28201529383659363 -0.01001303642988205 135 205 138
0.076832190155982971 0.28159675002098083 -0.010615301318466663 135 205 138
0.076902657747268677 0.28216314315795898 -0.010476884432137012 135 205 138
0.077404513955116272 0.28129461407661438 -0.010863046161830425 135 205 138
0.07706836611032486 0.28064268827438354 -0.010605630464851856 135 205 138
0.077713415026664734 0.28195807337760925 -0.010811471380293369 135 205 138
0.077699624001979828 0.28354185819625854 -0.0093255424872040749 135 205 138
0.077427588403224945 0.28324219584465027 -0.0099243829026818275 135 205 138
0.077078036963939667 0.2834358811378479 -0.0091913314536213875 135 205 138
0.076711311936378479 0.28312689065933228 -0.0095006460323929787 135 205 138
0.076972082257270813 0.28342780470848083 -0.0086984923109412193 135 205 138
0.077847994863986969 0.28358983993530273 -0.0086505794897675514 135 205 138
0.076319620013237 0.28302940726280212 -0.0089187426492571831 135 205 138
0.08001285046339035 0.28258216381072998 -0.0091066453605890274 135 205 138
0.080176427960395813 0.2820325493812561 -0.0095610525459051132 135 205 138
0.079678744077682495 0.28267493844032288 -0.0094393063336610794 135 205 138
0.079680576920509338 0.28232458233833313 -0.0098356436938047409 135 205 138
0.079070739448070526 0.28272771835327148 -0.010015630163252354 135 205 138
0.07924015074968338 0.28303444385528564 -0.0093935299664735794 135 205 138
0.079497650265693665 0.28306731581687927 -0.0088211726397275925 135 205 138
0.081516511738300323 0.28041571378707886 -0.0090389158576726913 135 205 138
0.081059202551841736 0.28074333071708679 -0.0093694590032100677 135 205 138
0.081442020833492279 0.28129813075065613 -0.0085835745558142662 135 205 138
0.081012845039367676 0.28157660365104675 -0.0089591117575764656 135 205 138
0.081239104270935059 0.27953773736953735 -0.0093770306557416916 135 205 138
0.080789335072040558 0.279977947473526 -0.0096539976075291634 135 205 138
0.080361269414424896 0.28037223219871521 -0.0099402898922562599 135 205 138
0.08059421181678772 0.28104767203330994 -0.0096596814692020416 135 205 138
0.080185696482658386 0.2792607843875885 -0.0098169613629579544 135 205 138
0.080550447106361389 0.27875170111656189 -0.0095518585294485092 135 205 138
0.079878173768520355 0.27973288297653198 -0.010093430988490582 135 205 138
0.079902492463588715 0.28078529238700867 -0.010244970209896564 135 205 138
0.07902701199054718 0.27925026416778564 -0.010135965421795845 135 205 138
0.079178005456924438 0.27875012159347534 -0.0098404595628380775 135 205 138
0.077829129993915558 0.2791646420955658 -0.01003031712025404 135 205 138
0.077808141708374023 0.27865266799926758 -0.0096873948350548744 135 205 138
0.0766562819480896 0.27958273887634277 -0.0097400378435850143 135 205 138
0.07650332897901535 0.27908775210380554 -0.0093546574935317039 135 205 138
0.076825447380542755 0.28007864952087402 -0.010169534012675285 135 205 138
0.075769349932670593 0.28037536144256592 -0.0093559073284268379 135 205 138
0.076043948531150818 0.28081175684928894 -0.0098323151469230652 135 205 138
0.075413025915622711 0.28131431341171265 -0.0089780325070023537 135 205 138
0.075763031840324402 0.28166863322257996 -0.0094991009682416916 135 205 138
0.075572267174720764 0.28219506144523621 -0.0086191268637776375 135 205 138
0.075920224189758301 0.2824246883392334 -0.0091948984190821648 135 205 138
0.076389558613300323 0.28262817859649658 -0.0097768688574433327 135 205 138
0.077133908867835999 0.28272956609725952 -0.010272588580846786 135 205 138
0.078017644584178925 0.28257286548614502 -0.010542888194322586 135 205 138
0.078304357826709747 0.28309118747711182 -0.01006940845400095 135 205 138
0.078865662217140198 0.28221923112869263 -0.010537700727581978 135 205 138
0.0785861536860466 0.28160712122917175 -0.010846385732293129 135 205 138
0.079331479966640472 0.28120565414428711 -0.010587530210614204 135 205 138
0.07956211268901825 0.28178650140762329 -0.010282793082296848 135 205 138
0.080110564827919006 0.28140419721603394 -0.0099700735881924629 135 205 138
0.080610930919647217 0.28177833557128906 -0.0092586800456047058 135 205 138
0.08036147803068161 0.28244161605834961 -0.0087827201932668686 135 205 138
0.080689176917076111 0.28231832385063171 -0.0084761520847678185 135 205 138
0.080049529671669006 0.28291252255439758 -0.008008098229765892 135 205 138
0.079777069389820099 0.28299233317375183 -0.0083750719204545021 135 205 138
0.080345802009105682 0.28279334306716919 -0.0075940033420920372 135 205 138
0.081041991710662842 0.28211233019828796 -0.0080801863223314285 135 205 138
0.079345583915710449 0.28330802917480469 -0.0071769235655665398 135 205 138
0.079141423106193542 0.28336906433105469 -0.0076831718906760216 135 205 138
0.078161589801311493 0.28353065252304077 -0.0069136521779000759 135 205 138
0.078037142753601074 0.28352683782577515 -0.0074831959791481495 135 205 138
0.076879702508449554 0.28337240219116211 -0.0068700313568115234 135 205 138
0.076890714466571808 0.28336447477340698 -0.0074986075051128864 135 205 138
0.077946536242961884 0.28354683518409729 -0.0080322930589318275 135 205 138
0.076922580599784851 0.28338950872421265 -0.0080835055559873581 135 205 138
0.075923800468444824 0.28283622860908508 -0.0077130603604018688 135 205 138
0.076101042330265045 0.28291985392570496 -0.0083071421831846237 135 205 138
0.075730986893177032 0.28277456760406494 -0.0070468233898282051 135 205 138
0.075294561684131622 0.2820172905921936 -0.0080538084730505943 135 205 138
0.074997015297412872 0.28181359171867371 -0.0074299140833318233 135 205 138
0.075117461383342743 0.28100380301475525 -0.0084722423925995827 135 205 138
0.074794098734855652 0.28065374493598938 -0.0079217618331313133 135 205 138
0.075531616806983948 0.27995520830154419 -0.0089065069332718849 135 205 138
0.075219117105007172 0.27948477864265442 -0.0084473993629217148 135 205 138
0.076282747089862823 0.27852174639701843 -0.008958139456808567 135 205 138
0.078950412571430206 0.28340446949005127 -0.0081493277102708817 135 205 138
0.078751742839813232 0.28344032168388367 -0.0087047861889004707 135 205 138
0.078547939658164978 0.28338873386383057 -0.0093904584646224976 135 205 138
0.077812470495700836 0.27807223796844482 -0.0093499273061752319 135 205 138
0.079373627901077271 0.27818113565444946 -0.0095444200560450554 135 205 138
0.060914988288335463 0.32703751054103058 -0.035180223911163343 0 0 0
0.060648753700444341 0.32690029965953732 -0.036409825885399587 0 0 0
0.0615917005556516 0.32844010947350699 -0.03424439370495734 0 0 0
0.061687918715712192 0.32893248700105671 -0.034974227641814869 0 0 0
0.061181655984743254 0.32788868606741289 -0.037951082716227949 0 0 0
0.063027004625933303 0.33012894311140073 -0.037475188197736861 0 0 0
0.064082934533214259 0.32999121811344889 -0.039660478559490876 0 0 0
0.063406998958146304 0.33003257807022257 -0.038782231764200141 0 0 0
0.060998143688914812 0.32791495761625838 -0.036396433048859748 0 0 0
0.061811622561262984 0.32817206992934361 -0.039433511938192556 0 0 0
0.061911290861791146 0.32878588977278789 -0.038338055000785562 0 0 0
0.062764495430778666 0.32837781515188091 -0.040929408311835419 0 0 0
0.060751190125011255 0.32657651368286789 -0.037984581780546915 0 0 0
0.061765936195121607 0.32907490480200752 -0.036228650625072301 0 0 0
0.062461948183422135 0.3298183068790162 -0.035330330313974236 0 0 0
0.061407555206261101 0.32689899787776883 -0.039900933459199192 0 0 0
0.06261207881893277 0.32891206671395384 -0.03985718837062683 0 0 0
0.061030025989554329 0.32793474165503117 -0.035428675344343241 0 0 0
0.063313189156621721 0.3304541092875653 -0.036435769955627494 0 0 0
0.060997943038006708 0.32709060650472349 -0.038692648747861672 0 0 0
0.069729166335578963 0.32979259730107968 -0.042121127183873744 0 0 0
0.069949096210411038 0.32967000231691446 -0.040795743130134322 0 0 0
0.066906857738393638 0.33018614049518052 -0.04013639678842839 0 0 0
0.06995974816423077 0.32939000907636157 -0.039003888730836107 0 0 0
0.06679356199239897 0.32984920157611025 -0.038541369686474702 0 0 0
0.069674710416313471 0.32898789009242435 -0.03731058703355971 0 0 0
0.06693596201720356 0.32941624389749313 -0.037093597547319709 0 0 0
0.068023615133610979 0.32887291265530127 -0.035996909183071572 0 0 0
0.067713726360042109 0.33028598074351523 -0.041451125662999549 0 0 0
0.068862584367510651 0.32953580874355365 -0.038214611868897512 0 0 0
0.069399078555494154 0.3285875806664379 -0.036302118459356283 0 0 0
0.070947006021463796 0.32874202920844209 -0.039087738110709216 0 0 0
0.074307600142314814 0.32512991006330122 -0.040768230872290687 0 0 0
0.074185830291594104 0.32550057691438317 -0.040817645548727653 0 0 0
0.073994844530809886 0.32598063898328944 -0.040703471576696494 0 0 0
0.074685324649683568 0.3263955102185937 -0.039463042275886789 0 0 0
0.073433665099074077 0.3267206760745977 -0.04041785819743187 0 0 0
0.073682131036689441 0.32693126115818455 -0.039763521260123773 0 0 0
0.074170324306494284 0.32702607034063191 -0.038915262105956347 0 0 0
0.074594938934019667 0.32568367912790641 -0.040201434717608009 0 0 0
0.074148310334518047 0.32648127748088179 -0.040000854529907925 0 0 0
0.071544214260589239 0.32271936053272549 -0.038522403202820764 0 0 0
0.070936305631008709 0.32235291788167464 -0.03833201049724197 0 0 0
0.067734458583544571 0.32301014328158606 -0.038182669456680821 0 0 0
0.068186578506213583 0.32308624108670791 -0.03874380073131467 0 0 0
0.069699521436109732 0.32198933585974088 -0.03788833786911977 0 0 0
0.068997590038998746 0.32364971542428073 -0.039699444274762276 0 0 0
0.070713532397206319 0.32374617547330403 -0.039864677002812342 0 0 0
0.068572958047991489 0.32183708305989506 -0.037057223584018695 0 0 0
0.0687477543102262 0.32220489048850831 -0.037895055577384623 0 0 0
0.07050144006786381 0.32187175034667942 -0.037689537688688143 0 0 0
0.069886453912574698 0.32260921388369118 -0.038729937131897985 0 0 0
0.069877403738265426 0.32333317836374753 -0.03954237473206304 0 0 0
0.069424446477969054 0.3216078242771751 -0.037131791334365276 0 0 0
0.084476821073228639 0.31061829986351502 -0.028539264726672113 0 0 0
0.084651319586553961 0.31083348623901069 -0.02714814894374817 0 0 0
0.082844740355727683 0.31193086822116006 -0.027288907207172669 0 0 0
0.082746877231139007 0.3118790249707889 -0.025432147624074822 0 0 0
0.08417924139188715 0.31122675389881937 -0.025590849010030309 0 0 0
0.083181419301224829 0.31155326746982415 -0.028610798693318226 0 0 0
0.082345677607549891 0.31209888635712102 -0.026368184169341058 0 0 0
0.083257445809914496 0.31177387999171036 -0.026020545293204942 0 0 0
0.083434814569369201 0.31155396741015534 -0.024959260331579528 0 0 0
0.07861329597386435 0.30206684842366305 -0.025123841616534852 0 0 0
0.07723690237454281 0.30133435728827651 -0.025018638040313942 0 0 0
0.075162304513989114 0.30245364241857464 -0.026183385688460951 0 0 0
0.076903920960420605 0.30284302470496188 -0.026482743904884806 0 0 0
0.077889384383526106 0.30297516129222307 -0.02632504118034797 0 0 0
0.076030410395794806 0.3012884175837065 -0.025191970441491976 0 0 0
0.075909505508869393 0.30309409590382907 -0.02666163266499497 0 0 0
0.075968194904286357 0.30213941470393596 -0.026021400011913675 0 0 0
0.078534430162610872 0.30275444668349527 -0.025807759804293649 0 0 0
0.08161446435228753 0.29017159954095023 -0.016168305283021829 0 0 0
0.081408629944228844 0.29073318165313855 -0.014669760891311527 0 0 0
0.081712581361037928 0.28877023694922332 -0.011560470820740316 0 0 0
0.081493991236980381 0.29006041663616444 -0.012444522061129008 0 0 0
0.08231888863189972 0.28904566518099867 -0.013286675490095995 0 0 0
0.082514900837498906 0.28899369464914493 -0.01557802488878606 0 0 0
0.0828441860374865 0.28814883037379668 -0.014592095510011841 0 0 0
0.081075600509354043 0.29092137224314191 -0.013338606030917868 0 0 0
0.082613230223735123 0.2874907108161241 -0.012727592141179399 0 0 0
0.079313849199182912 0.28708382624911505 -0.016284266445068845 0 0 0
0.078851729149696279 0.28681451293432425 -0.016424209454258841 0 0 0
0.079951886005180592 0.28517731647214672 -0.014590518894765016 0 0 0
0.079235769449783458 0.28476725229455291 -0.014593538249115764 0 0 0
0.078131560731920235 0.28414074436255549 -0.014181983588611551 0 0 0
0.077877390673079527 0.28338452897040373 -0.013130305974713893 0 0 0
0.075754618322505393 0.28582809663318509 -0.015373242643011181 0 0 0
0.07630359826858342 0.28426665466407558 -0.014121291491258325 0 0 0
0.07619898151397235 0.2861497611200759 -0.016042020743555683 0 0 0
0.079460827076007767 0.28556874951747452 -0.015260434979285002 0 0 0
0.07759031037610048 0.28662539113199031 -0.016633092733162467 0 0 0
0.078350018150877304 0.28515496556138487 -0.015221789799649893 0 0 0
0.076759516334981931 0.2859063886741009 -0.016023311431336739 0 0 0
0.077000419638285814 0.28467969640365565 -0.014801573753317044 0 0 0
0.077164678091065503 0.28369665542085509 -0.01360861589801122 0 0 0
0.07962038484815076 0.28635794804962322 -0.015762855599427309 0 0 0
0.079234841276466239 0.28387649211741595 -0.013472648953566802 0 0 0
0.076167312590093295 0.28554577877422971 -0.015517475876092172 0 0 0
0.078285955308167426 0.28623577529547389 -0.016208664114831906 0 0 0
0.078456670932804437 0.28367343343233525 -0.013541691248146652 0 0 0
0.076738003789004999 0.28663520825888472 -0.01661106872473252 0 0 0
0.075899385267893235 0.28492313695994981 -0.01467533296815848 0 0 0
0.075493284067112532 0.28195086069220759 -0.0068728584896653186 0 0 0
0.076808859879150523 0.28190287356035315 -0.0065967893213110139 0 0 0
0.076702430028531041 0.27867187267571997 -0.0082011081918795404 0 0 0
0.078695132840883669 0.28165444531936007 -0.0067961687812552636 0 0 0
0.079378547049480455 0.28046010502546398 -0.0074025300192843658 0 0 0
0.078927174488047105 0.27823641021137707 -0.0088186494614265667 0 0 0
0.080801576776148173 0.27936785012688675 -0.0086142761265791783 0 0 0
0.081505740136603527 0.28060355202978926 -0.0085714154297434533 0 0 0
0.077346573486354375 0.28065694393496499 -0.0070346017575689465 0 0 0
0.077925077794786288 0.28256785095156428 -0.0065107744198192371 0 0 0
0.079713909768572552 0.28282213238389947 -0.0069238725603132482 0 0 0
0.079813356500873234 0.2792039509451878 -0.0082553048658221811 0 0 0
0.080815156552026118 0.28071432710116806 -0.0078415045923085243 0 0 0
0.075357999173444712 0.2803590123419108 -0.0074319935712508518 0 0 0
0.076353612554947839 0.2828469809483159 -0.006641367219114732 0 0 0
0.080428744257548118 0.28226119228285623 -0.0072605134193342085 0 0 0
0.076366620749534098 0.27980825237763873 -0.0074817424732648869 0 0 0
3 0 1 2
3 2 1 3
3 2 3 4
3 4 3 5
3 4 6 2
3 2 6 0
3 7 8 9
3 9 8 10
3 9 10 11
3 11 10 12
3 11 13 9
3 9 13 7
3 14 15 16
3 16 15 17
3 18 19 14
3 14 19 15
3 16 20 14
3 14 20 18
3 21 22 23
3 23 22 24
3 23 25 21
3 21 25 26
3 24 27 23
3 23 27 25
3 28 29 30
3 30 29 31
3 30 31 32
3 32 31 33
3 34 35 33
3 33 35 32
3 31 36 33
3 33 36 8
3 33 8 34
3 34 8 7
3 36 31 37
3 37 31 29
3 36 37 38
3 38 37 39
3 38 10 36
3 36 10 8
3 38 39 40
3 40 39 41
3 40 12 38
3 38 12 10
3 40 41 42
3 42 41 43
3 42 44 40
3 40 44 12
3 44 45 12
3 12 45 11
3 44 42 46
3 46 42 47
3 46 19 44
3 44 19 45
3 46 47 48
3 48 47 49
3 48 15 46
3 46 15 19
3 48 49 50
3 50 49 51
3 50 17 48
3 48 17 15
3 50 51 52
3 52 51 53
3 52 54 50
3 50 54 17
3 54 55 17
3 17 55 16
3 56 57 58
3 58 57 20
3 20 16 58
3 58 16 55
3 57 56 59
3 59 56 60
3 59 13 57
3 57 13 61
3 57 61 20
3 20 61 18
3 13 11 61
3 61 11 45
3 61 45 18
3 18 45 19
3 59 60 34
3 34 60 35
3 34 7 59
3 59 7 13
3 62 63 64
3 64 63 26
3 64 65 62
3 62 65 66
3 65 29 66
3 66 29 28
3 65 64 67
3 67 64 68
3 67 37 65
3 65 37 29
3 67 68 69
3 69 68 70
3 69 39 67
3 67 39 37
3 69 70 5
3 5 70 4
3 5 41 69
3 69 41 39
3 68 25 70
3 70 25 27
3 70 27 4
3 4 27 6
3 64 26 68
3 68 26 25
3 63 71 26
3 26 71 21
3 71 72 21
3 21 72 22
3 51 73 53
3 53 73 74
3 73 51 75
3 75 51 49
3 75 76 73
3 73 76 77
3 77 78 73
3 73 78 74
3 77 76 79
3 79 76 80
3 79 81 77
3 77 81 78
3 79 80 82
3 82 80 83
3 82 84 79
3 79 84 81
3 82 83 22
3 22 83 24
3 82 22 84
3 84 22 72
3 80 0 83
3 83 0 6
3 83 6 24
3 24 6 27
3 80 76 0
3 0 76 1
3 76 75 1
3 1 75 85
3 85 47 43
3 43 47 42
3 43 3 85
3 85 3 1
3 75 49 85
3 85 49 47
3 41 5 43
3 43 5 3
3 86 87 88
3 88 87 89
3 90 91 88
3 88 91 86
3 89 92 88
3 88 92 90
3 93 94 95
3 95 94 96
3 95 97 93
3 93 97 98
3 96 99 95
3 95 99 97
3 100 101 102
3 102 101 103
3 102 103 104
3 104 103 105
3 104 106 102
3 102 106 100
3 107 108 109
3 109 108 110
3 111 112 97
3 97 112 98
3 97 99 111
3 111 99 113
3 114 113 115
3 115 113 99
3 115 116 114
3 114 116 117
3 116 115 118
3 118 115 119
3 116 118 108
3 108 118 120
3 108 107 116
3 116 107 117
3 120 118 121
3 121 118 122
3 121 123 120
3 120 123 124
3 124 110 120
3 120 110 108
3 123 121 125
3 125 121 126
3 125 126 127
3 127 126 128
3 128 100 127
3 127 100 106
3 128 126 129
3 129 126 130
3 128 129 100
3 100 129 101
3 129 130 90
3 90 130 91
3 129 90 101
3 101 90 92
3 130 122 91
3 91 122 131
3 130 126 122
3 122 126 121
3 119 96 131
3 131 96 94
3 131 94 91
3 91 94 86
3 131 122 119
3 119 122 118
3 115 99 119
3 119 99 96
3 112 132 98
3 98 132 133
3 133 132 134
3 134 132 135
3 133 134 87
3 87 134 89
3 87 93 133
3 133 93 98
3 135 136 134
3 134 136 137
3 134 137 89
3 89 137 92
3 136 105 137
3 137 105 103
3 137 103 92
3 92 103 101
3 94 93 86
3 86 93 87
3 138 139 140
3 140 139 141
3 142 143 138
3 138 143 139
3 140 144 138
3 138 144 142
3 145 146 147
3 147 146 148
3 149 150 145
3 145 150 146
3 147 151 145
3 145 151 149
3 152 153 154
3 154 153 155
3 155 156 154
3 154 156 157
3 154 157 152
3 152 157 158
3 159 160 161
3 161 160 162
3 161 163 159
3 159 163 164
3 162 165 161
3 161 165 163
3 166 167 168
3 168 167 169
3 170 171 166
3 166 171 167
3 171 172 167
3 167 172 173
3 171 170 174
3 174 170 175
3 174 176 171
3 171 176 172
3 176 151 172
3 172 151 177
3 176 174 178
3 178 174 179
3 178 149 176
3 176 149 151
3 178 179 180
3 180 179 181
3 180 150 178
3 178 150 149
3 180 181 182
3 182 181 183
3 182 184 180
3 180 184 150
3 184 185 150
3 150 185 146
3 184 182 186
3 186 182 187
3 186 188 184
3 184 188 185
3 188 189 185
3 185 189 190
3 188 186 191
3 191 186 192
3 191 193 188
3 188 193 189
3 194 195 193
3 193 195 189
3 193 191 196
3 196 191 197
3 193 196 194
3 194 196 198
3 199 200 198
3 198 200 194
3 196 159 198
3 198 159 164
3 198 164 199
3 199 164 201
3 201 164 202
3 202 164 163
3 202 141 201
3 201 141 203
3 201 203 199
3 199 203 204
3 203 205 204
3 204 205 206
3 204 206 207
3 207 206 208
3 204 207 199
3 199 207 200
3 208 209 207
3 207 209 210
3 207 210 200
3 200 210 211
3 210 152 211
3 211 152 158
3 211 158 195
3 195 158 212
3 195 194 211
3 211 194 200
3 158 157 212
3 212 157 213
3 212 213 190
3 190 213 148
3 190 189 212
3 212 189 195
3 157 156 213
3 213 156 214
3 213 214 148
3 148 214 147
3 156 215 214
3 214 215 177
3 214 177 147
3 147 177 151
3 156 155 215
3 215 155 216
3 216 217 215
3 215 217 173
3 215 173 177
3 177 173 172
3 216 218 217
3 217 218 219
3 217 219 169
3 169 219 220
3 217 169 173
3 173 169 167
3 219 221 220
3 220 221 222
3 220 222 223
3 223 222 224
3 223 168 220
3 220 168 169
3 222 225 224
3 224 225 226
3 227 228 229
3 229 228 230
3 231 232 227
3 227 232 228
3 233 234 232
3 232 234 228
3 231 235 232
3 232 235 236
3 232 236 233
3 233 236 237
3 143 142 237
3 237 142 233
3 236 238 237
3 237 238 239
3 237 239 143
3 143 239 240
3 205 139 240
3 240 139 143
3 239 241 240
3 240 241 242
3 242 206 240
3 240 206 205
3 241 243 242
3 242 243 244
3 242 244 206
3 206 244 208
3 243 221 244
3 244 221 245
3 244 245 208
3 208 245 209
3 221 219 245
3 245 219 218
3 245 218 209
3 209 218 153
3 243 241 225
3 225 241 246
3 225 222 243
3 243 222 221
3 241 239 246
3 246 239 238
3 246 238 247
3 247 238 248
3 247 226 246
3 246 226 225
3 238 236 248
3 248 236 235
3 144 249 234
3 234 249 250
3 250 230 234
3 234 230 228
3 234 233 144
3 144 233 142
3 250 249 251
3 251 249 252
3 251 253 250
3 250 253 230
3 253 251 254
3 254 251 255
3 254 256 253
3 253 256 257
3 253 257 230
3 230 257 229
3 254 258 256
3 256 258 259
3 260 261 262
3 262 261 263
3 260 264 261
3 261 264 265
3 266 267 265
3 265 267 261
3 264 259 265
3 265 259 258
3 265 258 266
3 266 258 268
3 269 270 268
3 268 270 266
3 258 254 268
3 268 254 255
3 268 255 269
3 269 255 271
3 271 162 269
3 269 162 160
3 271 255 252
3 252 255 251
3 271 252 162
3 162 252 165
3 270 197 192
3 192 197 191
3 192 267 270
3 270 267 266
3 270 269 197
3 197 269 160
3 267 192 187
3 187 192 186
3 187 263 267
3 267 263 261
3 263 187 183
3 183 187 182
3 183 272 263
3 263 272 262
3 272 183 273
3 273 183 181
3 273 181 274
3 274 181 179
3 274 179 175
3 175 179 174
3 252 249 165
3 165 249 275
3 202 163 275
3 275 163 165
3 249 144 275
3 275 144 140
3 275 140 202
3 202 140 141
3 218 216 153
3 153 216 155
3 210 209 152
3 152 209 153
3 203 141 205
3 205 141 139
3 197 160 196
3 196 160 159
3 190 148 185
3 185 148 146
3 276 277 278
3 278 277 279
3 278 279 280
3 280 279 281
3 280 282 278
3 278 282 276
3 283 284 285
3 285 284 286
3 287 288 283
3 283 288 284
3 285 289 283
3 283 289 287
3 290 291 292
3 292 291 293
3 293 294 292
3 292 294 289
3 292 289 290
3 290 289 285
3 295 296 297
3 297 296 298
3 299 300 297
3 297 300 295
3 297 298 299
3 299 298 301
3 296 295 302
3 302 295 303
3 302 304 296
3 296 304 305
3 304 306 305
3 305 306 307
3 305 307 308
3 308 307 282
3 308 298 305
3 305 298 296
3 308 282 309
3 309 282 280
3 309 301 308
3 308 301 298
3 309 280 310
3 310 280 281
3 310 311 309
3 309 311 301
3 311 310 312
3 312 310 313
3 311 312 314
3 314 312 315
3 311 314 301
3 301 314 299
3 315 316 314
3 314 316 317
3 314 317 299
3 299 317 300
3 316 318 317
3 317 318 319
3 317 319 300
3 300 319 320
3 303 295 320
3 320 295 300
3 321 322 323
3 323 322 324
3 323 307 321
3 321 307 306
3 323 324 276
3 276 324 277
3 276 282 323
3 323 282 307
3 322 325 324
3 324 325 326
3 324 326 277
3 277 326 327
3 326 328 327
3 327 328 329
3 329 330 327
3 327 330 331
3 331 279 327
3 327 279 277
3 330 332 331
3 331 332 333
3 331 333 279
3 279 333 281
3 332 334 333
3 333 334 313
3 333 313 281
3 281 313 310
3 334 332 284
3 284 332 286
3 284 288 334
3 334 288 335
3 334 335 313
3 313 335 312
3 288 336 335
3 335 336 337
3 335 337 312
3 312 337 315
3 336 338 337
3 337 338 339
3 337 339 315
3 315 339 316
3 338 340 339
3 339 340 341
3 339 341 316
3 316 341 318
3 342 343 344
3 344 343 345
3 346 347 344
3 344 347 342
3 347 348 342
3 342 348 294
3 347 346 338
3 338 346 340
3 338 336 347
3 347 336 348
3 348 287 294
3 294 287 289
3 336 288 348
3 348 288 287
3 343 349 345
3 345 349 350
3 349 351 350
3 350 351 352
3 353 352 328
3 328 352 351
3 328 326 353
3 353 326 325
3 351 349 354
3 354 349 291
3 354 329 351
3 351 329 328
3 291 290 354
3 354 290 355
3 354 355 329
3 329 355 330
3 290 285 355
3 355 285 286
3 355 286 330
3 330 286 332
3 349 343 291
3 291 343 293
3 343 342 293
3 293 342 294
3 356 357 358
3 358 357 359
3 358 360 356
3 356 360 361
3 362 363 364
3 364 363 365
3 362 364 366
3 366 364 367
3 368 369 370
3 370 369 371
3 370 372 368
3 368 372 373
3 371 374 370
3 370 374 372
3 375 376 377
3 377 376 378
3 379 380 375
3 375 380 376
3 377 369 375
3 375 369 379
3 381 382 383
3 383 382 384
3 385 386 383
3 383 386 381
3 383 384 385
3 385 384 387
3 388 389 390
3 390 389 391
3 392 393 390
3 390 393 388
3 390 391 392
3 392 391 394
3 395 378 396
3 396 378 376
3 396 376 397
3 397 376 380
3 380 361 397
3 397 361 360
3 366 367 395
3 395 367 378
3 398 399 400
3 400 399 401
3 400 401 402
3 402 401 403
3 403 404 384
3 384 404 387
3 384 382 403
3 403 382 402
3 401 393 403
3 403 393 404
3 404 405 387
3 387 405 406
3 393 392 404
3 404 392 405
3 405 407 406
3 406 407 408
3 406 408 409
3 409 408 365
3 409 385 406
3 406 385 387
3 409 365 410
3 410 365 363
3 410 386 409
3 409 386 385
3 407 374 408
3 408 374 411
3 408 411 365
3 365 411 364
3 374 371 411
3 411 371 412
3 412 367 411
3 411 367 364
3 412 371 377
3 377 371 369
3 377 378 412
3 412 378 367
3 394 372 407
3 407 372 374
3 407 405 394
3 394 405 392
3 399 388 401
3 401 388 393
3 398 359 399
3 399 359 357
3 399 357 388
3 388 357 389
3 391 373 394
3 394 373 372
3 389 413 391
3 391 413 373
3 413 389 356
3 356 389 357
3 356 361 413
3 413 361 414
3 413 414 373
3 373 414 368
3 361 380 414
3 414 380 379
3 414 379 368
3 368 379 369
3 415 416 417
3 417 416 418
3 417 418 419
3 419 418 420
3 419 421 417
3 417 421 415
3 422 423 424
3 424 423 425
3 424 426 422
3 422 426 427
3 425 428 424
3 424 428 426
3 429 430 431
3 431 430 432
3 433 434 429
3 429 434 430
3 431 435 429
3 429 435 433
3 431 436 435
3 435 436 437
3 437 438 435
3 435 438 433
3 439 440 441
3 441 440 442
3 421 419 439
3 439 419 440
3 441 442 443
3 443 442 444
3 443 444 445
3 445 444 446
3 446 447 445
3 445 447 448
3 438 437 447
3 447 437 449
3 447 449 448
3 448 449 450
3 447 446 438
3 438 446 451
3 434 433 451
3 451 433 438
3 451 446 452
3 452 446 444
3 451 452 434
3 434 452 427
3 444 442 452
3 452 442 453
3 452 453 427
3 427 453 422
3 442 440 453
3 453 440 454
3 453 454 422
3 422 454 423
3 440 419 454
3 454 419 420
3 454 420 423
3 423 420 455
3 455 456 457
3 457 456 458
3 457 425 455
3 455 425 423
3 420 418 455
3 455 418 456
3 458 459 457
3 457 459 460
3 457 460 425
3 425 460 428
3 459 461 460
3 460 461 462
3 460 462 428
3 428 462 432
3 461 463 462
3 462 463 436
3 462 436 432
3 432 436 431
3 464 450 463
3 463 450 449
3 463 449 436
3 436 449 437
3 463 461 464
3 464 461 465
3 461 459 465
3 465 459 466
3 459 458 466
3 466 458 467
3 456 468 458
3 458 468 467
3 468 456 416
3 416 456 418
3 434 427 430
3 430 427 426
3 430 426 432
3 432 426 428
3 469 470 471
3 471 470 472
3 471 473 469
3 469 473 474
3 475 476 477
3 477 476 478
3 477 479 475
3 475 479 480
3 480 481 475
3 475 481 476
3 482 483 484
3 484 483 485
3 486 487 484
3 484 487 482
3 485 488 484
3 484 488 486
3 489 490 491
3 491 490 492
3 492 493 491
3 491 493 494
3 494 495 491
3 491 495 489
3 496 497 498
3 498 497 499
3 499 500 498
3 498 500 501
3 501 502 498
3 498 502 496
3 503 504 505
3 505 504 506
3 474 473 503
3 503 473 504
3 506 479 507
3 507 479 508
3 507 509 506
3 506 509 505
3 504 480 506
3 506 480 479
3 507 508 510
3 510 508 500
3 510 511 507
3 507 511 509
3 500 499 510
3 510 499 512
3 510 512 511
3 511 512 513
3 512 514 513
3 513 514 515
3 515 514 516
3 516 514 517
3 518 519 517
3 517 519 520
3 520 521 517
3 517 521 516
3 517 514 518
3 518 514 497
3 519 522 520
3 520 522 523
3 520 523 521
3 521 523 524
3 522 493 523
3 523 493 525
3 523 525 524
3 524 525 526
3 493 492 525
3 525 492 527
3 525 527 526
3 526 527 528
3 492 490 527
3 527 490 472
3 527 472 528
3 528 472 470
3 483 494 522
3 522 494 493
3 522 519 483
3 483 519 485
3 519 518 485
3 485 518 488
3 518 497 488
3 488 497 496
3 514 512 497
3 497 512 499
3 508 529 500
3 500 529 501
3 479 477 508
3 508 477 529
3 529 530 501
3 501 530 502
3 477 478 529
3 529 478 530
3 530 478 487
3 487 478 531
3 530 487 502
3 502 487 486
3 478 476 531
3 531 476 532
3 531 532 495
3 495 532 489
3 495 482 531
3 531 482 487
3 476 481 532
3 532 481 533
3 532 533 489
3 489 533 490
3 533 481 471
3 471 481 473
3 471 472 533
3 533 472 490
3 473 481 504
3 504 481 480
3 502 486 496
3 496 486 488
3 494 483 495
3 495 483 482
3 534 535 536
3 536 535 537
3 536 537 538
3 538 537 539
3 538 540 536
3 536 540 534
3 541 542 543
3 543 542 544
3 543 545 541
3 541 545 546
3 546 547 541
3 541 547 542
3 548 549 550
3 550 549 551
3 551 552 550
3 550 552 553
3 554 555 556
3 556 555 557
3 558 559 556
3 556 559 554
3 557 560 556
3 556 560 558
3 561 562 563
3 563 562 564
3 565 566 561
3 561 566 562
3 567 568 566
3 566 568 562
3 565 569 566
3 566 569 553
3 566 553 567
3 567 553 552
3 568 546 570
3 570 546 545
3 570 564 568
3 568 564 562
3 568 567 546
3 546 567 547
3 570 545 571
3 571 545 539
3 571 572 570
3 570 572 564
3 572 571 573
3 573 571 574
3 573 575 572
3 572 575 576
3 572 576 564
3 564 576 563
3 573 574 577
3 577 574 578
3 577 579 573
3 573 579 575
3 577 578 558
3 558 578 559
3 558 560 577
3 577 560 579
3 578 535 559
3 559 535 580
3 574 537 578
3 578 537 535
3 535 534 580
3 580 534 581
3 581 582 580
3 580 582 583
3 583 554 580
3 580 554 559
3 582 584 583
3 583 584 585
3 583 585 554
3 554 585 555
3 582 581 586
3 586 581 587
3 586 588 582
3 582 588 584
3 586 587 589
3 589 587 590
3 589 591 586
3 586 591 588
3 591 589 592
3 592 589 593
3 594 551 595
3 595 551 549
3 592 593 595
3 595 593 594
3 594 596 551
3 551 596 552
3 593 597 594
3 594 597 596
3 597 542 596
3 596 542 547
3 597 593 590
3 590 593 589
3 590 544 597
3 597 544 542
3 596 547 552
3 552 547 567
3 587 540 590
3 590 540 544
3 581 534 587
3 587 534 540
3 571 539 574
3 574 539 537
3 545 543 539
3 539 543 538
3 543 544 538
3 538 544 540
3 550 553 548
3 548 553 569
3 598 599 600
3 600 599 601
3 602 603 600
3 600 603 598
3 601 604 600
3 600 604 602
3 605 606 607
3 607 606 608
3 609 610 607
3 607 610 605
3 608 611 607
3 607 611 609
3 612 613 614
3 614 613 615
3 616 617 614
3 614 617 612
3 614 615 616
3 616 615 618
3 619 620 621
3 621 620 622
3 622 623 621
3 621 623 624
3 624 625 621
3 621 625 619
3 626 627 628
3 628 627 629
3 630 631 626
3 626 631 627
3 631 632 627
3 627 632 633
3 631 630 634
3 634 630 635
3 634 636 631
3 631 636 632
3 636 604 632
3 632 604 637
3 636 634 638
3 638 634 639
3 638 602 636
3 636 602 604
3 638 639 640
3 640 639 641
3 640 603 638
3 638 603 602
3 640 641 642
3 642 641 643
3 642 644 640
3 640 644 603
3 642 645 644
3 644 645 646
3 646 605 644
3 644 605 610
3 644 610 603
3 603 610 598
3 645 647 646
3 646 647 648
3 646 648 605
3 605 648 606
3 647 649 648
3 648 649 650
3 648 650 606
3 606 650 651
3 650 618 651
3 651 618 615
3 651 615 652
3 652 615 613
3 652 608 651
3 651 608 606
3 652 613 653
3 653 613 654
3 653 611 652
3 652 611 608
3 653 654 655
3 655 654 623
3 655 656 653
3 653 656 611
3 656 655 657
3 657 655 658
3 657 601 656
3 656 601 599
3 656 599 611
3 611 599 609
3 658 659 657
3 657 659 637
3 657 637 601
3 601 637 604
3 659 658 620
3 620 658 622
3 620 660 659
3 659 660 633
3 659 633 637
3 637 633 632
3 660 620 661
3 661 620 619
3 661 662 660
3 660 662 629
3 660 629 633
3 633 629 627
3 662 661 663
3 663 661 664
3 663 665 662
3 662 665 666
3 662 666 629
3 629 666 628
3 665 663 667
3 667 663 668
3 667 668 669
3 669 668 670
3 669 670 671
3 671 670 672
3 670 673 672
3 672 673 674
3 672 674 675
3 675 674 676
3 675 677 672
3 672 677 671
3 676 649 675
3 675 649 678
3 675 678 677
3 677 678 679
3 649 647 678
3 678 647 680
3 678 680 679
3 679 680 681
3 680 682 681
3 681 682 683
3 682 680 645
3 645 680 647
3 645 642 682
3 682 642 643
3 643 684 682
3 682 684 683
3 674 616 676
3 676 616 618
3 618 650 676
3 676 650 649
3 673 617 674
3 674 617 616
3 685 686 673
3 673 686 617
3 673 670 685
3 685 670 668
3 625 624 686
3 686 624 687
3 686 687 617
3 617 687 612
3 686 685 625
3 625 685 664
3 624 623 687
3 687 623 654
3 687 654 612
3 612 654 613
3 685 668 664
3 664 668 663
3 661 619 664
3 664 619 625
3 658 655 622
3 622 655 623
3 641 688 643
3 643 688 684
3 641 639 688
3 688 639 689
3 639 634 689
3 689 634 635
3 610 609 598
3 598 609 599
3 691 56 58
3 691 58 55
3 55 690 691
3 54 52 692
3 702 56 691
3 54 692 707
3 691 698 694
3 74 78 704
3 709 694 699
3 700 695 697
3 705 699 701
3 697 72 71
3 696 71 63
3 708 84 72
3 71 696 697
3 62 66 701
3 706 699 700
3 699 706 701
3 55 54 690
3 707 690 54
3 691 694 702
3 707 698 691
3 52 53 692
3 74 692 53
3 692 74 693
3 704 693 74
3 709 705 35
3 694 698 703
3 708 695 703
3 708 704 81
3 63 62 696
3 701 696 62
3 72 697 695
3 706 697 696
3 691 690 707
3 703 700 694
3 705 701 30
3 699 705 709
3 694 700 699
3 703 695 700
3 66 28 701
3 30 701 28
3 709 35 60
3 56 702 60
3 707 693 703
3 81 84 708
3 693 704 703
3 78 81 704
3 30 32 705
3 35 705 32
3 700 697 706
3 696 701 706
3 692 693 707
3 703 698 707
3 72 695 708
3 703 704 708
3 60 702 709
3 694 709 702
3 720 136 135
3 710 107 109
3 710 117 107
3 109 110 710
3 711 114 710
3 123 712 718
3 711 712 713
3 721 113 711
3 713 719 715
3 721 713 715
3 720 132 112
3 719 716 717
3 112 715 720
3 720 717 136
3 105 136 717
3 717 104 105
3 117 710 114
3 718 710 110
3 114 711 113
3 718 712 711
3 718 124 123
3 125 712 123
3 113 721 111
3 719 713 712
3 712 125 714
3 127 714 125
3 111 715 112
3 719 714 716
3 714 127 716
3 106 716 127
3 104 717 716
3 716 106 104
3 711 710 718
3 110 124 718
3 712 714 719
3 717 715 719
3 717 720 715
3 135 132 720
3 711 713 721
3 715 111 721
3 722 257 256
3 256 259 264
3 722 229 257
3 729 227 229
3 725 231 227
3 229 722 723
3 725 235 231
3 227 729 725
3 730 725 729
3 726 724 272
3 247 248 725
3 730 724 726
3 728 247 725
3 725 727 728
3 224 226 728
3 727 175 170
3 223 224 728
3 168 223 728
3 727 170 166
3 728 166 168
3 256 264 722
3 723 722 264
3 264 260 723
3 262 723 260
3 723 262 724
3 272 724 262
3 235 725 248
3 726 727 730
3 272 273 726
3 274 726 273
3 175 727 726
3 726 274 175
3 247 728 226
3 166 728 727
3 229 723 729
3 724 729 723
3 725 730 727
3 729 724 730
3 737 318 341
3 341 340 731
3 737 319 318
3 742 737 731
3 341 731 737
3 320 737 736
3 732 741 742
3 738 325 322
3 322 321 733
3 738 353 325
3 322 733 739
3 739 738 322
3 352 738 743
3 743 738 739
3 732 740 735
3 731 732 742
3 340 346 731
3 732 731 346
3 346 344 732
3 740 732 344
3 321 306 733
3 734 733 306
3 306 304 734
3 736 734 304
3 743 740 345
3 739 734 741
3 304 302 736
3 303 736 302
3 736 303 320
3 319 737 320
3 743 350 352
3 353 738 352
3 733 734 739
3 741 735 739
3 344 345 740
3 743 735 740
3 735 741 732
3 742 741 734
3 734 736 742
3 737 742 736
3 739 735 743
3 345 350 743
3 744 381 386
3 749 744 410
3 386 410 744
3 745 402 382
3 381 744 745
3 748 398 400
3 745 746 751
3 749 362 366
3 751 748 745
3 750 746 395
3 752 358 359
3 747 397 360
3 752 747 360
3 359 748 752
3 745 382 381
3 410 363 749
3 748 400 402
3 749 746 745
3 745 744 749
3 366 395 746
3 751 746 750
3 750 396 397
3 359 398 748
3 402 745 748
3 363 362 749
3 366 746 749
3 395 396 750
3 397 747 750
3 750 747 751
3 752 748 751
3 751 747 752
3 360 358 752
3 753 441 443
3 443 445 753
3 761 757 421
3 757 415 421
3 754 756 757
3 757 753 754
3 758 464 465
3 755 466 467
3 759 755 467
3 758 450 464
3 760 756 754
3 759 468 416
3 761 439 441
3 754 753 445
3 445 448 754
3 758 754 448
3 465 466 755
3 416 756 759
3 415 756 416
3 754 758 760
3 415 757 756
3 421 439 761
3 448 450 758
3 465 755 758
3 760 755 759
3 467 468 759
3 755 760 758
3 759 756 760
3 441 753 761
3 757 761 753
3 767 469 474
3 474 503 762
3 763 766 767
3 505 509 763
3 469 767 768
3 764 521 524
3 524 526 764
3 765 515 516
3 521 764 765
3 766 763 769
3 769 765 766
3 770 528 768
3 503 505 762
3 763 762 505
3 509 511 763
3 769 763 511
3 765 516 521
3 770 766 764
3 769 513 515
3 766 765 764
3 764 526 770
3 767 762 763
3 768 470 469
3 474 762 767
3 766 768 767
3 528 470 768
3 511 513 769
3 515 765 769
3 528 770 526
3 768 766 770
3 786 771 563
3 771 561 563
3 561 771 772
3 786 576 575
3 786 780 789
3 565 772 781
3 789 782 783
3 783 779 791
3 592 777 792
3 790 776 785
3 792 591 592
3 792 778 588
3 778 584 588
3 792 788 784
3 788 779 783
3 784 775 785
3 772 565 561
3 786 772 771
3 781 569 565
3 575 780 786
3 575 579 773
3 560 773 579
3 773 560 774
3 790 775 774
3 774 560 787
3 790 787 557
3 557 555 776
3 585 776 555
3 592 595 777
3 779 777 595
3 785 585 584
3 784 778 792
3 595 549 779
3 791 779 549
3 575 773 780
3 774 780 773
3 791 548 569
3 780 782 789
3 780 774 782
3 775 782 774
3 791 781 783
3 784 783 782
3 782 775 784
3 785 778 784
3 776 585 785
3 584 778 785
3 789 772 786
3 563 576 786
3 557 787 560
3 557 776 790
3 779 788 777
3 783 784 788
3 783 781 789
3 772 789 781
3 785 775 790
3 774 787 790
3 549 548 791
3 569 781 791
3 588 591 792
3 777 788 792
3 793 677 679
3 806 793 679
3 807 677 793
3 806 681 683
3 794 801 796
3 796 802 794
3 797 805 808
3 808 803 796
3 799 804 798
3 796 797 808
3 805 799 800
3 626 628 800
3 799 635 630
3 630 626 800
3 793 794 807
3 809 806 683
3 802 669 671
3 809 801 794
3 683 684 795
3 688 795 684
3 669 802 803
3 801 795 797
3 804 797 795
3 808 805 666
3 795 688 798
3 689 798 688
3 798 689 799
3 635 799 689
3 805 800 628
3 630 800 799
3 794 806 809
3 797 796 801
3 803 667 669
3 807 794 802
3 667 803 665
3 802 796 803
3 805 797 804
3 795 798 804
3 804 799 805
3 628 666 805
3 794 793 806
3 679 681 806
3 802 671 807
3 677 807 671
3 666 665 808
3 803 808 665
3 683 795 809
3 801 809 795

