COFF
594 1148 0
-0.058679353445768356 0.27180847525596619 -0.11289948970079422 199 123 202
-0.059056762605905533 0.27087077498435974 -0.11251236498355865 199 123 202
-0.059273958206176758 0.27118211984634399 -0.11342617124319077 199 123 202
-0.059611596167087555 0.27035656571388245 -0.11291791498661041 199 123 202
-0.060947597026824951 0.27061432600021362 -0.11376632750034332 199 123 202
-0.060470148921012878 0.27003046870231628 -0.11302291601896286 199 123 202
-0.059742875397205353 0.26821264624595642 -0.11122426390647888 199 123 202
-0.05979393795132637 0.26825550198554993 -0.11059452593326569 199 123 202
-0.060198090970516205 0.2682005763053894 -0.11120203882455826 199 123 202
-0.060366053134202957 0.26830536127090454 -0.11072985082864761 199 123 202
-0.060865700244903564 0.26874226331710815 -0.11114881932735443 199 123 202
-0.060474991798400879 0.26856815814971924 -0.1116156205534935 199 123 202
-0.05993349477648735 0.26863411068916321 -0.11181743443012238 199 123 202
-0.059344451874494553 0.26857653260231018 -0.11113541573286057 199 123 202
-0.059129271656274796 0.26912122964859009 -0.11088332533836365 199 123 202
-0.05941767618060112 0.26848313212394714 -0.11064831167459488 199 123 202
-0.059361200779676437 0.26895350217819214 -0.11037608236074448 199 123 202
-0.059843745082616806 0.26881155371665955 -0.11012837290763855 199 123 202
-0.061164576560258865 0.27006998658180237 -0.11277362704277039 199 123 202
-0.061632242053747177 0.27086707949638367 -0.11347343027591705 199 123 202
-0.060775589197874069 0.27285701036453247 -0.10905807465314865 199 123 202
-0.061733357608318329 0.27247235178947449 -0.1102776899933815 199 123 202
-0.061001311987638474 0.27163407206535339 -0.10955005139112473 199 123 202
-0.061638228595256805 0.27149480581283569 -0.11024864017963409 199 123 202
-0.060266759246587753 0.27171844244003296 -0.10929244756698608 199 123 202
-0.059985954314470291 0.2729145884513855 -0.1088547557592392 199 123 202
-0.061495978385210037 0.27072882652282715 -0.11021815985441208 199 123 202
-0.061589963734149933 0.27022263407707214 -0.11068883538246155 199 123 202
-0.061069123446941376 0.27056711912155151 -0.10980722308158875 199 123 202
-0.06110595166683197 0.26972147822380066 -0.11017046868801117 199 123 202
-0.061923589557409286 0.27112722396850586 -0.11108535528182983 199 123 202
-0.058828599750995636 0.27096483111381531 -0.11133922636508942 199 123 202
-0.058878153562545776 0.27081722021102905 -0.11090105026960373 199 123 202
-0.058924626559019089 0.27049112319946289 -0.11169300973415375 199 123 202
-0.05895058810710907 0.27002310752868652 -0.11117342114448547 199 123 202
-0.058691658079624176 0.27169701457023621 -0.11139451712369919 199 123 202
-0.058757171034812927 0.27184396982192993 -0.11075150966644287 199 123 202
-0.058784279972314835 0.27135017514228821 -0.11199191957712173 199 123 202
-0.061995409429073334 0.27122026681900024 -0.11302442103624344 199 123 202
-0.061627257615327835 0.2703368067741394 -0.11234161257743835 199 123 202
-0.061884898692369461 0.27071276307106018 -0.11178667098283768 199 123 202
-0.062187682837247849 0.27164512872695923 -0.11239546537399292 199 123 202
-0.061540372669696808 0.26978978514671326 -0.11120927333831787 199 123 202
-0.061284523457288742 0.26945868134498596 -0.11172456294298172 199 123 202
-0.062161434441804886 0.27211147546768188 -0.11145612597465515 199 123 202
-0.061070412397384644 0.26913225650787354 -0.11062673479318619 199 123 202
-0.060469109565019608 0.26882562041282654 -0.11021213233470917 199 123 202
-0.060467209666967392 0.26958388090133667 -0.10981833934783936 199 123 202
-0.059826135635375977 0.26961269974708557 -0.1098024919629097 199 123 202
-0.060402914881706238 0.27055206894874573 -0.10954244434833527 199 123 202
-0.059775613248348236 0.27060562372207642 -0.10958962887525558 199 123 202
-0.059672735631465912 0.27179408073425293 -0.1093866154551506 199 123 202
-0.059308633208274841 0.27067661285400391 -0.10989070683717728 199 123 202
-0.059232540428638458 0.27185165882110596 -0.10969943553209305 199 123 202
-0.059413161128759384 0.27303075790405273 -0.10901253670454025 199 123 202
-0.058929178863763809 0.27312850952148438 -0.10937269032001495 199 123 202
-0.058932550251483917 0.27187812328338623 -0.11016451567411423 199 123 202
-0.059017572551965714 0.27074021100997925 -0.1103542149066925 199 123 202
-0.058595303446054459 0.27311980724334717 -0.10992742329835892 199 123 202
-0.058367785066366196 0.27300432324409485 -0.1106371283531189 199 123 202
-0.058283627033233643 0.27273750305175781 -0.11146014928817749 199 123 202
-0.059053175151348114 0.26983630657196045 -0.11060062050819397 199 123 202
-0.059335667639970779 0.26971277594566345 -0.11010412871837616 199 123 202
-0.059113454073667526 0.26943525671958923 -0.11148717999458313 199 123 202
-0.059433527290821075 0.26895114779472351 -0.11175123602151871 199 123 202
-0.059586495161056519 0.2695634663105011 -0.1123603954911232 199 123 202
-0.05914759635925293 0.270008385181427 -0.11206844449043274 199 123 202
-0.060197699815034866 0.26928293704986572 -0.11240493506193161 199 123 202
-0.060818657279014587 0.26925647258758545 -0.11216281354427338 199 123 202
-0.058380119502544403 0.27233979105949402 -0.11226020753383636 199 123 202
-0.054692577570676804 0.26911517977714539 -0.11365767568349838 199 123 202
-0.05505022406578064 0.26823675632476807 -0.11336292326450348 199 123 202
-0.055278889834880829 0.2692524790763855 -0.11351832747459412 199 123 202
-0.055698860436677933 0.26880386471748352 -0.11331981420516968 199 123 202
-0.056056942790746689 0.26946067810058594 -0.11302147805690765 199 123 202
-0.055376391857862473 0.26983097195625305 -0.11331988871097565 199 123 202
-0.05465514212846756 0.27005526423454285 -0.11347171664237976 199 123 202
-0.055989887565374374 0.26842892169952393 -0.11290795356035233 199 123 202
-0.055509820580482483 0.26785710453987122 -0.11270836740732193 199 123 202
-0.056353058665990829 0.26886880397796631 -0.11249235272407532 199 123 202
-0.055864386260509491 0.26809078454971313 -0.11199988424777985 199 123 202
-0.05500088632106781 0.27116471529006958 -0.11239194869995117 199 123 202
-0.054799113422632217 0.27076664566993713 -0.11299171298742294 199 123 202
-0.055449075996875763 0.27079746127128601 -0.11250884830951691 199 123 202
-0.055459402501583099 0.270414799451828 -0.1129113957285881 199 123 202
-0.055841721594333649 0.27062103152275085 -0.11214675754308701 199 123 202
-0.056101191788911819 0.27005192637443542 -0.11259175837039948 199 123 202
-0.055339023470878601 0.27114394307136536 -0.11178279668092728 199 123 202
-0.055934056639671326 0.2695477306842804 -0.11101966351270676 199 123 202
-0.055393390357494354 0.26928728818893433 -0.11038504540920258 199 123 202
-0.055668562650680542 0.27025479078292847 -0.11081792414188385 199 123 202
-0.055254004895687103 0.27042853832244873 -0.1103341281414032 199 123 202
-0.055633854120969772 0.27074456214904785 -0.11121666431427002 199 123 202
-0.055031254887580872 0.27126044034957886 -0.11075861006975174 199 123 202
-0.056128658354282379 0.27014297246932983 -0.11161583662033081 199 123 202
-0.054363396018743515 0.27165883779525757 -0.11219710111618042 199 123 202
-0.05470806360244751 0.27168095111846924 -0.11143970489501953 199 123 202
-0.054050281643867493 0.27119585871696472 -0.11294538527727127 199 123 202
-0.053830437362194061 0.27032274007797241 -0.11353381723165512 199 123 202
-0.053863532841205597 0.26902914047241211 -0.11375011503696442 199 123 202
-0.056391246616840363 0.26947474479675293 -0.11201988905668259 199 123 202
-0.056024882942438126 0.26872116327285767 -0.11140987277030945 199 123 202
-0.055398657917976379 0.26813164353370667 -0.11084926128387451 199 123 202
-0.055239234119653702 0.2674001157283783 -0.11160866171121597 199 123 202
-0.054862219840288162 0.26717683672904968 -0.11247199028730392 199 123 202
-0.054297778755426407 0.26770445704460144 -0.11332089453935623 199 123 202
-0.071906603872776031 0.26511761546134949 -0.11309390515089035 199 123 202
-0.071852318942546844 0.26609417796134949 -0.11331164091825485 199 123 202
-0.071439020335674286 0.26529872417449951 -0.11274895071983337 199 123 202
-0.071321181952953339 0.26618790626525879 -0.11274063587188721 199 123 202
-0.071119591593742371 0.26594316959381104 -0.11200317740440369 199 123 202
-0.071401722729206085 0.26487958431243896 -0.11229707300662994 199 123 202
-0.072030097246170044 0.26449459791183472 -0.11270836740732193 199 123 202
-0.07386317104101181 0.26438277959823608 -0.11069169640541077 199 123 202
-0.072867169976234436 0.26466566324234009 -0.11068596690893173 199 123 202
-0.07363109290599823 0.26489466428756714 -0.1102885827422142 199 123 202
-0.072861790657043457 0.26547515392303467 -0.11020977050065994 199 123 202
-0.0742763951420784 0.26502892374992371 -0.11004295200109482 199 123 202
-0.07479376345872879 0.26423782110214233 -0.11060327291488647 199 123 202
-0.072144128382205963 0.26423683762550354 -0.1113479807972908 199 123 202
-0.073010392487049103 0.26407545804977417 -0.11126529425382614 199 123 202
-0.072438456118106842 0.2639700174331665 -0.1118243932723999 199 123 202
-0.073116675019264221 0.26388397812843323 -0.1119142472743988 199 123 202
-0.073040366172790527 0.2640252411365509 -0.11254506558179855 199 123 202
-0.072205729782581329 0.2641303539276123 -0.11223259568214417 199 123 202
-0.071613647043704987 0.26452741026878357 -0.11174657940864563 199 123 202
-0.072495967149734497 0.26865789294242859 -0.11400306224822998 199 123 202
-0.072090268135070801 0.26732981204986572 -0.11361449956893921 199 123 202
-0.073676638305187225 0.26737871766090393 -0.1147930845618248 199 123 202
-0.072902314364910126 0.26649725437164307 -0.11408653855323792 199 123 202
-0.074468523263931274 0.26561811566352844 -0.11456000804901123 199 123 202
-0.073532842099666595 0.26541054248809814 -0.1139783188700676 199 123 202
-0.072432644665241241 0.26588860154151917 -0.11368283629417419 199 123 202
-0.072646357119083405 0.26513335108757019 -0.11350642889738083 199 123 202
-0.075213447213172913 0.26369616389274597 -0.11204118281602859 199 123 202
-0.074139706790447235 0.2638360857963562 -0.11201579868793488 199 123 202
-0.075075820088386536 0.26384210586547852 -0.1112721785902977 199 123 202
-0.074051782488822937 0.26397067308425903 -0.11130602657794952 199 123 202
-0.074091941118240356 0.26400747895240784 -0.11275074630975723 199 123 202
-0.075202971696853638 0.26385015249252319 -0.11288800835609436 199 123 202
-0.074987821280956268 0.26445209980010986 -0.1138615608215332 199 123 202
-0.073904260993003845 0.26451969146728516 -0.11345342546701431 199 123 202
-0.072873771190643311 0.26444438099861145 -0.11310258507728577 199 123 202
-0.071466982364654541 0.26763412356376648 -0.11281408369541168 199 123 202
-0.071685075759887695 0.26918083429336548 -0.1129978820681572 199 123 202
-0.071311861276626587 0.26896992325782776 -0.11178386211395264 199 123 202
-0.071200348436832428 0.26743194460868835 -0.11186763644218445 199 123 202
-0.071525216102600098 0.26823273301124573 -0.11065663397312164 199 123 202
-0.071390315890312195 0.26687687635421753 -0.11097792536020279 199 123 202
-0.071333520114421844 0.26551532745361328 -0.11129168421030045 199 123 202
-0.072003565728664398 0.26620128750801086 -0.11040784418582916 199 123 202
-0.071951791644096375 0.26504799723625183 -0.11082502454519272 199 123 202
-0.072238512337207794 0.26728060841560364 -0.10999225080013275 199 123 202
-0.073104053735733032 0.26625552773475647 -0.10983763635158539 199 123 202
-0.072461046278476715 0.25707289576530457 -0.11117671430110931 199 123 202
-0.071923032402992249 0.25677427649497986 -0.11081735044717789 199 123 202
-0.072277449071407318 0.25806251168251038 -0.1108337789773941 199 123 202
-0.071848660707473755 0.25823760032653809 -0.11044958978891373 199 123 202
-0.072446338832378387 0.25882714986801147 -0.11105207353830338 199 123 202
-0.071953289210796356 0.25947427749633789 -0.11053478717803955 199 123 202
-0.072825364768505096 0.25767683982849121 -0.11162803322076797 199 123 202
-0.070102795958518982 0.2596975564956665 -0.11053371429443359 199 123 202
-0.07062983512878418 0.25976419448852539 -0.11030206084251404 199 123 202
-0.069928169250488281 0.25866511464118958 -0.11064156889915466 199 123 202
-0.070565007627010345 0.25834771990776062 -0.1102956160902977 199 123 202
-0.069527991116046906 0.2594260573387146 -0.11128967255353928 199 123 202
-0.0699881911277771 0.26041632890701294 -0.11102819442749023 199 123 202
-0.070673376321792603 0.26074942946434021 -0.11084847152233124 199 123 202
-0.072488658130168915 0.26038822531700134 -0.11234504729509354 199 123 202
-0.071979470551013947 0.2610647976398468 -0.11199206113815308 199 123 202
-0.072384238243103027 0.260914146900177 -0.11287602782249451 199 123 202
-0.071974515914916992 0.26153081655502319 -0.11290458589792252 199 123 202
-0.072707459330558777 0.26064062118530273 -0.11347070336341858 199 123 202
-0.072241522371768951 0.26179829239845276 -0.11390767991542816 199 123 202
-0.072970375418663025 0.25957638025283813 -0.11292308568954468 199 123 202
-0.071252770721912384 0.26215684413909912 -0.11284526437520981 199 123 202
-0.071112707257270813 0.26297804713249207 -0.1138639971613884 199 123 202
-0.069692723453044891 0.26244574785232544 -0.11384794116020203 199 123 202
-0.069636352360248566 0.26156595349311829 -0.11299637705087662 199 123 202
-0.069460578262805939 0.26193687319755554 -0.11383632570505142 199 123 202
-0.069224558770656586 0.26099181175231934 -0.11335287988185883 199 123 202
-0.071231469511985779 0.25824829936027527 -0.11025919020175934 199 123 202
-0.071278870105743408 0.25663033127784729 -0.11061231046915054 199 123 202
-0.070583365857601166 0.25669693946838379 -0.11059144884347916 199 123 202
-0.071317955851554871 0.25968015193939209 -0.11030034720897675 199 123 202
-0.071388818323612213 0.2606968879699707 -0.11086833477020264 199 123 202
-0.072028450667858124 0.26035070419311523 -0.11112049221992493 199 123 202
-0.071354538202285767 0.26146453619003296 -0.11177841573953629 199 123 202
-0.072551332414150238 0.25959879159927368 -0.11161856353282928 199 123 202
-0.073017559945583344 0.25851011276245117 -0.11223317682743073 199 123 202
-0.070680834352970123 0.26150268316268921 -0.11171989887952805 199 123 202
-0.070641100406646729 0.26227971911430359 -0.11278071999549866 199 123 202
-0.070124164223670959 0.2620423436164856 -0.11281335353851318 199 123 202
-0.07000519335269928 0.26292547583580017 -0.11388565599918365 199 123 202
-0.070458292961120605 0.26320770382881165 -0.11387826502323151 199 123 202
-0.070026777684688568 0.26118966937065125 -0.11183493584394455 199 123 202
-0.069468036293983459 0.26045247912406921 -0.11212595552206039 199 123 202
-0.068975560367107391 0.2593805193901062 -0.11245764791965485 199 123 202
-0.06919802725315094 0.25800660252571106 -0.11148969084024429 199 123 202
-0.069813348352909088 0.25706654787063599 -0.11082753539085388 199 123 202
-0.079811826348304749 0.25265118479728699 -0.092818066477775574 199 123 202
-0.080214366316795349 0.25293204188346863 -0.092908389866352081 199 123 202
-0.079804867506027222 0.25269433856010437 -0.093471542000770569 199 123 202
-0.080065980553627014 0.25300401449203491 -0.093676544725894928 199 123 202
-0.079488307237625122 0.25269201397895813 -0.093705013394355774 199 123 202
-0.079330459237098694 0.25260698795318604 -0.092876113951206207 199 123 202
-0.079797044396400452 0.25306862592697144 -0.094089776277542114 199 123 202
-0.078768059611320496 0.25309675931930542 -0.094077974557876587 199 123 202
-0.079114742577075958 0.25279009342193604 -0.093877024948596954 199 123 202
-0.079146362841129303 0.25329023599624634 -0.094390802085399628 199 123 202
-0.079473964869976044 0.25314494967460632 -0.094298854470252991 199 123 202
-0.079676136374473572 0.25376430153846741 -0.094420351088047028 199 123 202
-0.079194486141204834 0.25381484627723694 -0.094509199261665344 199 123 202
-0.078622981905937195 0.25371238589286804 -0.094282940030097961 199 123 202
-0.07787691056728363 0.25449377298355103 -0.093013778328895569 199 123 202
-0.07817898690700531 0.25447770953178406 -0.093889616429805756 199 123 202
-0.077948994934558868 0.25514191389083862 -0.093218810856342316 199 123 202
-0.078327581286430359 0.25542879104614258 -0.093802183866500854 199 123 202
-0.077796235680580139 0.25552588701248169 -0.09259699285030365 199 123 202
-0.077780239284038544 0.25469866394996643 -0.091994151473045349 199 123 202
-0.078162632882595062 0.2562825083732605 -0.093346364796161652 199 123 202
-0.081390798091888428 0.25449410080909729 -0.091277673840522766 199 123 202
-0.081289321184158325 0.25542479753494263 -0.092277608811855316 199 123 202
-0.081048063933849335 0.25430867075920105 -0.092156447470188141 199 123 202
-0.080976925790309906 0.25473245978355408 -0.092867478728294373 199 123 202
-0.080895386636257172 0.25388079881668091 -0.09216916561126709 199 123 202
-0.081162668764591217 0.25390625 -0.091029927134513855 199 123 202
-0.080774471163749695 0.25400200486183167 -0.093094922602176666 199 123 202
-0.079355061054229736 0.25297221541404724 -0.090580910444259644 199 123 202
-0.079332180321216583 0.25280582904815674 -0.091790333390235901 199 123 202
-0.078767277300357819 0.25317642092704773 -0.090789109468460083 199 123 202
-0.078807935118675232 0.2529568076133728 -0.091941259801387787 199 123 202
-0.079948656260967255 0.25298258662223816 -0.090527154505252838 199 123 202
-0.079845599830150604 0.25284165143966675 -0.091760709881782532 199 123 202
-0.080482445657253265 0.25318846106529236 -0.090620249509811401 199 123 202
-0.080289095640182495 0.25305557250976562 -0.091842465102672577 199 123 202
-0.080895386636257172 0.25352224707603455 -0.090810142457485199 199 123 202
-0.080639362335205078 0.25341913104057312 -0.092000856995582581 199 123 202
-0.080526694655418396 0.25338900089263916 -0.093025356531143188 199 123 202
-0.080349192023277283 0.25351589918136597 -0.093739300966262817 199 123 202
-0.080588653683662415 0.25422495603561401 -0.093688301742076874 199 123 202
-0.080791965126991272 0.2551228404045105 -0.093382753431797028 199 123 202
-0.080264925956726074 0.25444859266281128 -0.094083599746227264 199 123 202
-0.080475911498069763 0.25543716549873352 -0.093756787478923798 199 123 202
-0.080055512487888336 0.25365415215492249 -0.094164386391639709 199 123 202
-0.079829610884189606 0.25460928678512573 -0.094351820647716522 199 123 202
-0.080017939209938049 0.25566482543945312 -0.094062767922878265 199 123 202
-0.079438254237174988 0.25574785470962524 -0.094208598136901855 199 123 202
-0.079292379319667816 0.25466352701187134 -0.094476573169231415 199 123 202
-0.07883010059595108 0.25565677881240845 -0.094123333692550659 199 123 202
-0.078697636723518372 0.25458449125289917 -0.09433436393737793 199 123 202
-0.078165501356124878 0.25366318225860596 -0.093617990612983704 199 123 202
-0.078002557158470154 0.25382122397422791 -0.09260423481464386 199 123 202
-0.078427053987979889 0.25308504700660706 -0.093283325433731079 199 123 202
-0.078337408602237701 0.25330162048339844 -0.092223607003688812 199 123 202
-0.078856490552425385 0.2527579665184021 -0.093024574220180511 199 123 202
-0.077941752970218658 0.25408032536506653 -0.09152570366859436 199 123 202
-0.078270420432090759 0.25357246398925781 -0.091122902929782867 199 123 202
-0.078772224485874176 0.2567686140537262 -0.09383237361907959 199 123 202
-0.079575300216674805 0.25693830847740173 -0.093957461416721344 199 123 202
-0.080280482769012451 0.25680071115493774 -0.093749836087226868 199 123 202
-0.080796271562576294 0.25646829605102539 -0.093351811170578003 199 123 202
-0.081107087433338165 0.25602707266807556 -0.092881388962268829 199 123 202
-0.080357365310192108 0.25061202049255371 -0.097829818725585938 199 123 202
-0.080011196434497833 0.2508845329284668 -0.09713340550661087 199 123 202
-0.080538235604763031 0.25055578351020813 -0.097406364977359772 199 123 202
-0.080434828996658325 0.2508108913898468 -0.096769377589225769 199 123 202
-0.080949679017066956 0.2506401538848877 -0.096632078289985657 199 123 202
-0.080950960516929626 0.25026920437812805 -0.097685918211936951 199 123 202
-0.080861680209636688 0.25024577975273132 -0.09855719655752182 199 123 202
-0.079534783959388733 0.25217142701148987 -0.095871418714523315 199 123 202
-0.079209119081497192 0.25232744216918945 -0.096523463726043701 199 123 202
-0.079651176929473877 0.25270137190818787 -0.095869623124599457 199 123 202
-0.079534277319908142 0.2529086172580719 -0.096371248364448547 199 123 202
-0.080192342400550842 0.25341311097145081 -0.096121601760387421 199 123 202
-0.080199308693408966 0.25298827886581421 -0.095569029450416565 199 123 202
-0.080217018723487854 0.25233614444732666 -0.095427609980106354 199 123 202
-0.079276606440544128 0.25147107243537903 -0.097423568367958069 199 123 202
-0.079160779714584351 0.25186878442764282 -0.09735473245382309 199 123 202
-0.079374358057975769 0.2513110339641571 -0.097016617655754089 199 123 202
-0.07916056364774704 0.25175562500953674 -0.096687979996204376 199 123 202
-0.079526387155056 0.25131070613861084 -0.097890309989452362 199 123 202
-0.07946062833070755 0.25175026059150696 -0.098011970520019531 199 123 202
-0.079703956842422485 0.2510237991809845 -0.09756479412317276 199 123 202
-0.079947009682655334 0.2514319121837616 -0.098719201982021332 199 123 202
-0.079991258680820465 0.25105962157249451 -0.098556481301784515 199 123 202
-0.080587655305862427 0.25103685259819031 -0.099553659558296204 199 123 202
-0.08063168078660965 0.25071448087692261 -0.099367238581180573 199 123 202
-0.080632477998733521 0.25138470530509949 -0.099626518785953522 199 123 202
-0.080021381378173828 0.2518383264541626 -0.098745957016944885 199 123 202
-0.080194786190986633 0.25228089094161987 -0.098660647869110107 199 123 202
-0.079554431140422821 0.25225543975830078 -0.097976967692375183 199 123 202
-0.079836994409561157 0.25276932120323181 -0.097844615578651428 199 123 202
-0.08080107718706131 0.25174424052238464 -0.099610671401023865 199 123 202
-0.080910950899124146 0.25228121876716614 -0.099173314869403839 199 123 202
-0.080538958311080933 0.25277069211006165 -0.098454393446445465 199 123 202
-0.080940708518028259 0.25341814756393433 -0.095175094902515411 199 123 202
-0.080957628786563873 0.25262737274169922 -0.095022082328796387 199 123 202
-0.080967023968696594 0.25394240021705627 -0.095768757164478302 199 123 202
-0.080976352095603943 0.25184634327888489 -0.095290370285511017 199 123 202
-0.08025553822517395 0.25172683596611023 -0.095658488571643829 199 123 202
-0.080967888236045837 0.25119689106941223 -0.095817483961582184 199 123 202
-0.080327823758125305 0.25122299790382385 -0.096114359796047211 199 123 202
-0.079564400017261505 0.25162908434867859 -0.096095673739910126 199 123 202
-0.079749144613742828 0.25120458006858826 -0.096521206200122833 199 123 202
-0.079265058040618896 0.25242015719413757 -0.097252383828163147 199 123 202
-0.079627513885498047 0.25298023223876953 -0.097089193761348724 199 123 202
-0.080281272530555725 0.25350114703178406 -0.096859671175479889 199 123 202
-0.080389566719532013 0.25328421592712402 -0.097629047930240631 199 123 202
-0.081109315156936646 0.25371542572975159 -0.097493752837181091 199 123 202
-0.081052877008914948 0.25402811169624329 -0.096640430390834808 199 123 202
-0.081136636435985565 0.25313156843185425 -0.098378404974937439 199 123 202
-0.080147519707679749 0.25077909231185913 -0.098254658281803131 199 123 202
-0.080741621553897858 0.25043827295303345 -0.099064558744430542 199 123 202
-0.08066144585609436 0.2301437109708786 -0.10292604565620422 199 123 202
-0.081077687442302704 0.23040416836738586 -0.10264711081981659 199 123 202
-0.080593384802341461 0.23052871227264404 -0.10212902724742889 199 123 202
-0.08092256635427475 0.23075534403324127 -0.10211740434169769 199 123 202
-0.080376803874969482 0.2297854870557785 -0.10263559222221375 199 123 202
-0.080379962921142578 0.23018959164619446 -0.10194668173789978 199 123 202
-0.081805035471916199 0.23105530440807343 -0.10144901275634766 199 123 202
-0.081310763955116272 0.23094449937343597 -0.10189197212457657 199 123 202
-0.08198210597038269 0.23085378110408783 -0.10180249810218811 199 123 202
-0.081461802124977112 0.23063014447689056 -0.1023385152220726 199 123 202
-0.082980170845985413 0.23086850345134735 -0.1001165583729744 199 123 202
-0.082406230270862579 0.23115305602550507 -0.10027282685041428 199 123 202
-0.081674300134181976 0.23083636164665222 -0.099161334335803986 199 123 202
-0.081449106335639954 0.23055414855480194 -0.099290594458580017 199 123 202
-0.081299722194671631 0.23120395839214325 -0.099245928227901459 199 123 202
-0.0810050368309021 0.23111456632614136 -0.09939190000295639 199 123 202
-0.081339165568351746 0.23154376447200775 -0.099383220076560974 199 123 202
-0.080878101289272308 0.23165123164653778 -0.099558673799037933 199 123 202
-0.081868074834346771 0.23115138709545135 -0.099234409630298615 199 123 202
-0.080231577157974243 0.22924283146858215 -0.10225395113229752 199 123 202
-0.080360241234302521 0.22983840107917786 -0.10162956267595291 199 123 202
-0.080669336020946503 0.22899642586708069 -0.10157641768455505 199 123 202
-0.080537304282188416 0.2295508086681366 -0.10120994597673416 199 123 202
-0.080715298652648926 0.22973863780498505 -0.10050695389509201 199 123 202
-0.080863401293754578 0.22939817607402802 -0.10067705810070038 199 123 202
-0.080479353666305542 0.22998102009296417 -0.10076161473989487 199 123 202
-0.080522887408733368 0.23032717406749725 -0.10031650215387344 199 123 202
-0.080863334238529205 0.22987587749958038 -0.10013921558856964 199 123 202
-0.08121316134929657 0.22942428290843964 -0.10014072060585022 199 123 202
-0.081659302115440369 0.23133383691310883 -0.10123106837272644 199 123 202
-0.082026928663253784 0.2314767986536026 -0.10029212385416031 199 123 202
-0.081527486443519592 0.23161976039409637 -0.10095378011465073 199 123 202
-0.081629477441310883 0.23177541792392731 -0.10036197304725647 199 123 202
-0.081236608326435089 0.23165825009346008 -0.10111800581216812 199 123 202
-0.08121674507856369 0.23125952482223511 -0.10157850384712219 199 123 202
-0.081258915364742279 0.23196624219417572 -0.10045745968818665 199 123 202
-0.083246961236000061 0.2304081916809082 -0.099087826907634735 199 123 202
-0.082588963210582733 0.2309451550245285 -0.099372431635856628 199 123 202
-0.08065003901720047 0.23176972568035126 -0.1006954163312912 199 123 202
-0.080920703709125519 0.23195888102054596 -0.10056714713573456 199 123 202
-0.080466166138648987 0.23159028589725494 -0.10040916502475739 199 123 202
-0.080704256892204285 0.2318875640630722 -0.1000906378030777 199 123 202
-0.08057115226984024 0.23148082196712494 -0.10106256604194641 199 123 202
-0.080366335809230804 0.23115675151348114 -0.10083784908056259 199 123 202
-0.080885343253612518 0.23166058957576752 -0.10114260762929916 199 123 202
-0.082912623882293701 0.22972290217876434 -0.098835274577140808 199 123 202
-0.082235686480998993 0.23031513392925262 -0.09904586523771286 199 123 202
-0.083145909011363983 0.23004528880119324 -0.098810210824012756 199 123 202
-0.082460232079029083 0.23062244057655334 -0.099049530923366547 199 123 202
-0.082035169005393982 0.23139846324920654 -0.09957025945186615 199 123 202
-0.081524044275283813 0.23176805675029755 -0.099755607545375824 199 123 202
-0.081059619784355164 0.23196890950202942 -0.099896430969238281 199 123 202
-0.080593034625053406 0.23146039247512817 -0.099809862673282623 199 123 202
-0.080784440040588379 0.23088826239109039 -0.099628821015357971 199 123 202
-0.080431163311004639 0.23114636540412903 -0.10014718770980835 199 123 202
-0.080621495842933655 0.23062177002429962 -0.099927082657814026 199 123 202
-0.080342881381511688 0.23076105117797852 -0.10057450830936432 199 123 202
-0.080315560102462769 0.23032516241073608 -0.10107095539569855 199 123 202
-0.080332837998867035 0.23068806529045105 -0.10134896636009216 199 123 202
-0.080529056489467621 0.23100943863391876 -0.10155823826789856 199 123 202
-0.080838657915592194 0.2311868816614151 -0.1016303151845932 199 123 202
-0.081218965351581573 0.23030440509319305 -0.099518738687038422 199 123 202
-0.081021107733249664 0.23007375001907349 -0.09978870302438736 199 123 202
-0.081443794071674347 0.22957460582256317 -0.099749229848384857 199 123 202
-0.081689931452274323 0.22978851199150085 -0.099457487463951111 199 123 202
-0.081951834261417389 0.22901618480682373 -0.099751092493534088 199 123 202
-0.08228890597820282 0.22920331358909607 -0.09934525191783905 199 123 202
-0.081563487648963928 0.22889263927936554 -0.1003139540553093 199 123 202
-0.08197958767414093 0.23003190755844116 -0.099197626113891602 199 123 202
-0.082617223262786865 0.22943700850009918 -0.099027581512928009 199 123 202
-0.081083066761493683 0.22891139984130859 -0.10095065832138062 199 123 202
-0.084571413695812225 0.23657882213592529 -0.085927486419677734 199 123 202
-0.083903662860393524 0.23695243895053864 -0.084928952157497406 199 123 202
-0.083944976329803467 0.23604719340801239 -0.085694767534732819 199 123 202
-0.083483196794986725 0.23622393608093262 -0.085153311491012573 199 123 202
-0.083298958837985992 0.23530028760433197 -0.085188962519168854 199 123 202
-0.084096513688564301 0.23522496223449707 -0.085955068469047546 199 123 202
-0.085038147866725922 0.23528657853603363 -0.086561426520347595 199 123 202
-0.084766194224357605 0.2333555668592453 -0.085092782974243164 199 123 202
-0.083601310849189758 0.23430098593235016 -0.085112504661083221 199 123 202
-0.083869166672229767 0.23374927043914795 -0.083650283515453339 199 123 202
-0.083080150187015533 0.23464579880237579 -0.083926312625408173 199 123 202
-0.085118189454078674 0.23422767221927643 -0.086335301399230957 199 123 202
-0.084243245422840118 0.23449715971946716 -0.085880190134048462 199 123 202
-0.083158321678638458 0.23632203042507172 -0.08446088433265686 199 123 202
-0.08330748975276947 0.23689484596252441 -0.083984121680259705 199 123 202
-0.082913480699062347 0.23565180599689484 -0.084145836532115936 199 123 202
-0.082851305603981018 0.2362406849861145 -0.083152309060096741 199 123 202
-0.083334736526012421 0.23436358571052551 -0.082800298929214478 199 123 202
-0.082892969250679016 0.23521259427070618 -0.082785852253437042 199 123 202
-0.08307039737701416 0.22275115549564362 -0.094721809029579163 199 123 202
-0.083805494010448456 0.22282679378986359 -0.094370283186435699 199 123 202
-0.083042286336421967 0.22327575087547302 -0.094527930021286011 199 123 202
-0.083466336131095886 0.2235281765460968 -0.094213522970676422 199 123 202
-0.082785032689571381 0.22410967946052551 -0.09428870677947998 199 123 202
-0.082505270838737488 0.22351075708866119 -0.094621904194355011 199 123 202
-0.082303747534751892 0.22281743586063385 -0.094893604516983032 199 123 202
-0.084945417940616608 0.22322654724121094 -0.093101739883422852 199 123 202
-0.084007076919078827 0.22397041320800781 -0.093136593699455261 199 123 202
-0.08461868017911911 0.22298884391784668 -0.093787811696529388 199 123 202
-0.083829298615455627 0.22381006181240082 -0.093696191906929016 199 123 202
-0.080707348883152008 0.22479262948036194 -0.09401945024728775 199 123 202
-0.081305958330631256 0.22469788789749146 -0.094261318445205688 199 123 202
-0.080945730209350586 0.22519434988498688 -0.093749620020389557 199 123 202
-0.081472918391227722 0.22521209716796875 -0.093814313411712646 199 123 202
-0.081467971205711365 0.22537246346473694 -0.09327474981546402 199 123 202
-0.080792471766471863 0.22521845996379852 -0.093326136469841003 199 123 202
-0.080364972352981567 0.22473070025444031 -0.093536190688610077 199 123 202
-0.082039184868335724 0.22495365142822266 -0.09215632826089859 199 123 202
-0.081767164170742035 0.22448931634426117 -0.091840319335460663 199 123 202
-0.081413894891738892 0.22511500120162964 -0.092352546751499176 199 123 202
-0.0810198113322258 0.22477588057518005 -0.092276349663734436 199 123 202
-0.081374660134315491 0.22529210150241852 -0.092777937650680542 199 123 202
-0.082199826836585999 0.22516189515590668 -0.092669755220413208 199 123 202
-0.080740690231323242 0.22504907846450806 -0.092823334038257599 199 123 202
-0.083108477294445038 0.22258812189102173 -0.09156288206577301 199 123 202
-0.08233429491519928 0.22272872924804688 -0.091677561402320862 199 123 202
-0.083387382328510284 0.22305011749267578 -0.091547355055809021 199 123 202
-0.082440868020057678 0.22348330914974213 -0.091570697724819183 199 123 202
-0.083566956222057343 0.22197915613651276 -0.091563425958156586 199 123 202
-0.084327511489391327 0.22246691584587097 -0.091522008180618286 199 123 202
-0.082502260804176331 0.22187034785747528 -0.091801084578037262 199 123 202
-0.081435844302177429 0.22216796875 -0.092151105403900146 199 123 202
-0.081440791487693787 0.22301629185676575 -0.091976754367351532 199 123 202
-0.08497174084186554 0.2231629341840744 -0.092079170048236847 199 123 202
-0.083921097218990326 0.22383750975131989 -0.092104338109493256 199 123 202
-0.085044890642166138 0.22326737642288208 -0.092567667365074158 199 123 202
-0.084028594195842743 0.22398212552070618 -0.092589892446994781 199 123 202
-0.084737367928028107 0.22288841009140015 -0.091711051762104034 199 123 202
-0.083695828914642334 0.22351646423339844 -0.091734960675239563 199 123 202
-0.082696110010147095 0.22408357262611389 -0.091710373759269714 199 123 202
-0.082936711609363556 0.22449801862239838 -0.092084325850009918 199 123 202
-0.083085522055625916 0.2247018963098526 -0.092609800398349762 199 123 202
-0.08227384090423584 0.22518698871135712 -0.093249902129173279 199 123 202
-0.083112277090549469 0.22470256686210632 -0.093199983239173889 199 123 202
-0.082210376858711243 0.22496804594993591 -0.093840807676315308 199 123 202
-0.083010077476501465 0.22450405359268188 -0.093789316713809967 199 123 202
-0.082021251320838928 0.22446990013122559 -0.094334259629249573 199 123 202
-0.081106662750244141 0.22392220795154572 -0.094525240361690521 199 123 202
-0.081781081855297089 0.22373941540718079 -0.094645172357559204 199 123 202
-0.080891720950603485 0.22310401499271393 -0.094743430614471436 199 123 202
-0.081550650298595428 0.22295469045639038 -0.094901099801063538 199 123 202
-0.080359950661659241 0.22321581840515137 -0.094440393149852753 199 123 202
-0.080550499260425568 0.22403569519519806 -0.094238586723804474 199 123 202
-0.080213718116283417 0.22400657832622528 -0.093763962388038635 199 123 202
-0.080010049045085907 0.22324194014072418 -0.094000048935413361 199 123 202
-0.080374442040920258 0.22450001537799835 -0.092940270900726318 199 123 202
-0.080222897231578827 0.22380270063877106 -0.093147888779640198 199 123 202
-0.080043040215969086 0.22313044965267181 -0.09336572140455246 199 123 202
-0.080761484801769257 0.22415889799594879 -0.092313863337039948 199 123 202
-0.080630607903003693 0.2234414666891098 -0.092507854104042053 199 123 202
-0.080483727157115936 0.22273373603820801 -0.092704750597476959 199 123 202
-0.081540398299694061 0.22381073236465454 -0.091803669929504395 199 123 202
-0.080554366111755371 0.22459509968757629 -0.082174070179462433 199 123 202
-0.080211997032165527 0.22449332475662231 -0.082831963896751404 199 123 202
-0.080932602286338806 0.22431924939155579 -0.082566000521183014 199 123 202
-0.080731295049190521 0.22403804957866669 -0.08308834582567215 199 123 202
-0.081323742866516113 0.2240028977394104 -0.082258842885494232 199 123 202
-0.080955840647220612 0.22430419921875 -0.081516966223716736 199 123 202
-0.081250376999378204 0.22343410551548004 -0.082943692803382874 199 123 202
-0.078985653817653656 0.22134441137313843 -0.082805134356021881 199 123 202
-0.079427637159824371 0.22179368138313293 -0.083144240081310272 199 123 202
-0.078640475869178772 0.22166179120540619 -0.082516267895698547 199 123 202
-0.079019717872142792 0.22247396409511566 -0.083006449043750763 199 123 202
-0.078914009034633636 0.22057275474071503 -0.082667909562587738 199 123 202
-0.078358061611652374 0.22063836455345154 -0.08211991935968399 199 123 202
-0.079627372324466705 0.22078265249729156 -0.083080992102622986 199 123 202
-0.078856773674488068 0.22358474135398865 -0.081016823649406433 199 123 202
-0.078632302582263947 0.22343809902667999 -0.08146185427904129 199 123 202
-0.079283848404884338 0.22409360110759735 -0.081206910312175751 199 123 202
-0.079039722681045532 0.22413747012615204 -0.081898465752601624 199 123 202
-0.079445928335189819 0.22363562881946564 -0.080448828637599945 199 123 202
-0.078811235725879669 0.22304709255695343 -0.080466613173484802 199 123 202
-0.078412421047687531 0.22256702184677124 -0.080874174833297729 199 123 202
-0.079621270298957825 0.22454154491424561 -0.082335792481899261 199 123 202
-0.079397298395633698 0.22427070140838623 -0.082767277956008911 199 123 202
-0.078935876488685608 0.22389541566371918 -0.08253469318151474 199 123 202
-0.079765781760215759 0.22402933239936829 -0.083177313208580017 199 123 202
-0.079155184328556061 0.22350841760635376 -0.083059802651405334 199 123 202
-0.078659340739250183 0.22286497056484222 -0.082611292600631714 199 123 202
-0.078527525067329407 0.22317498922348022 -0.082049071788787842 199 123 202
-0.079585842788219452 0.22298046946525574 -0.083341002464294434 199 123 202
-0.08024413138628006 0.22350607812404633 -0.083402574062347412 199 123 202
-0.080766580998897552 0.22279700636863708 -0.083339788019657135 199 123 202
-0.080075666308403015 0.22223994135856628 -0.083369769155979156 199 123 202
-0.081310763955116272 0.22197277843952179 -0.083117462694644928 199 123 202
-0.080510988831520081 0.22123359143733978 -0.083284385502338409 199 123 202
-0.081814929842948914 0.22282581031322479 -0.082613162696361542 199 123 202
-0.078356057405471802 0.22191320359706879 -0.082016617059707642 199 123 202
-0.078271068632602692 0.22219407558441162 -0.081439405679702759 199 123 202
-0.078072771430015564 0.22085028886795044 -0.081520915031433105 199 123 202
-0.07802293449640274 0.22117501497268677 -0.080877877771854401 199 123 202
-0.078272357583045959 0.22165843844413757 -0.080227300524711609 199 123 202
-0.079932019114494324 0.22451877593994141 -0.081626869738101959 199 123 202
-0.080274462699890137 0.22418399155139923 -0.080855749547481537 199 123 202
-0.081404067575931549 0.22401393949985504 -0.080952316522598267 199 123 202
-0.080528482794761658 0.22382310032844543 -0.080106563866138458 199 123 202
-0.079484939575195312 0.22298748791217804 -0.079689174890518188 199 123 202
-0.078792020678520203 0.22229048609733582 -0.079783372581005096 199 123 202
-0.081885926425457001 0.22359010577201843 -0.081845469772815704 199 123 202
-0.061303488253875167 0.27145537245303869 -0.11337641904657061 0 0 0
-0.05938577865873685 0.27327415495469481 -0.1101476323694283 0 0 0
-0.059399681859192456 0.27305650640196111 -0.11126143805720382 0 0 0
-0.059577831211313 0.2723946302139254 -0.11259338068950092 0 0 0
-0.060516027085190875 0.27270888820507883 -0.11184500835902275 0 0 0
-0.060664937772318135 0.27301075840406641 -0.11071203531965457 0 0 0
-0.059980844994680919 0.2717129994915401 -0.11340197551064655 0 0 0
-0.054163464817289855 0.26792163938821834 -0.11269188972592351 0 0 0
-0.053809327787556309 0.26956692869368459 -0.11261925851520109 0 0 0
-0.05430257714874983 0.27144342067471816 -0.11171611418554947 0 0 0
-0.054837656388875014 0.26880705601999166 -0.11087323072422456 0 0 0
-0.053906217418650253 0.27093178904233706 -0.11246121124376193 0 0 0
-0.054357140999643686 0.27067330413470531 -0.11128537743977367 0 0 0
-0.054698459527745276 0.26783006021449224 -0.11162794162701095 0 0 0
-0.072351556523288216 0.26795867162898351 -0.11053079193948194 0 0 0
-0.072985479900032624 0.26822782199034539 -0.11231522341226345 0 0 0
-0.074756899941650176 0.26605554691122046 -0.11350272016442395 0 0 0
-0.075381202551410328 0.26418885764837857 -0.11230024255361197 0 0 0
-0.074296435228306298 0.26585198248401171 -0.11062503515307923 0 0 0
-0.073592293643610349 0.26687042143921824 -0.11051769458655394 0 0 0
-0.075021942150995113 0.26529585482383994 -0.11209485530562079 0 0 0
-0.073978048518579559 0.26737368803874995 -0.11384927409634285 0 0 0
-0.075228851982379108 0.26478150542111201 -0.11333206312304178 0 0 0
-0.070600788461597938 0.26266874360938153 -0.11407928718693709 0 0 0
-0.07009545801605982 0.26177847654571718 -0.1140857576536207 0 0 0
-0.07002212659804781 0.26024976865715965 -0.11365179040239501 0 0 0
-0.071847333638101279 0.25881228163403652 -0.11300360650338534 0 0 0
-0.069538028609205743 0.25849326451512178 -0.11245601566259321 0 0 0
-0.071870311737402742 0.25752987810364292 -0.11198251503129102 0 0 0
-0.071869346381903565 0.2568423092240974 -0.11122058521920138 0 0 0
-0.071934180895263045 0.26096435452669398 -0.11396776483630104 0 0 0
-0.071280371668059991 0.25999148954175538 -0.11367667770927838 0 0 0
-0.070254593494339088 0.2574498156932909 -0.11175577412313663 0 0 0
-0.08018133107654217 0.25668458409248074 -0.09317064895012532 0 0 0
-0.08024519244655437 0.2561155854148891 -0.092390498162087123 0 0 0
-0.079869830212794202 0.2534446001087296 -0.090554048188943428 0 0 0
-0.079106008895281604 0.25405816688718119 -0.090869214664207887 0 0 0
-0.08035788628137161 0.25514008813084649 -0.091442618784929472 0 0 0
-0.079298822770577593 0.25546453657002005 -0.091750062800890667 0 0 0
-0.080338429032022346 0.2543730461230041 -0.090946137051224105 0 0 0
-0.079156782627611375 0.25615410729203575 -0.092468755334861791 0 0 0
-0.07861420210298864 0.25479250341162707 -0.091442688702463859 0 0 0
-0.081241316812385 0.25291768291378974 -0.095342613934980697 0 0 0
-0.081426131910303318 0.25223888485464535 -0.095909918147377773 0 0 0
-0.081534474328203432 0.25262387737106451 -0.097581194356763157 0 0 0
-0.081272724160960236 0.25100253168998804 -0.098402335768489071 0 0 0
-0.081486617088156937 0.25164112338295774 -0.096599653594413096 0 0 0
-0.081367167667609874 0.25200921969589146 -0.098554080088034929 0 0 0
-0.081475529508125102 0.25312641776167588 -0.096673218137741504 0 0 0
-0.081031764978702805 0.25131474820163419 -0.099193070016844881 0 0 0
-0.081371065196933171 0.25093553567607291 -0.097127082632811973 0 0 0
-0.082870617885332773 0.2296286863714517 -0.099383468242065315 0 0 0
-0.082405861084757961 0.22930274838045853 -0.10003581296381284 0 0 0
-0.082722490867368298 0.23042104649761863 -0.10081046685702938 0 0 0
-0.081706839398611647 0.22922932085098624 -0.10118864873383777 0 0 0
-0.081113827006204342 0.22924620829864853 -0.10183127250215963 0 0 0
-0.081293890498602375 0.23014682708779907 -0.10246317604860058 0 0 0
-0.08075212144366295 0.2297929234963012 -0.10261541808224404 0 0 0
-0.081795391735996176 0.23010210365957282 -0.10196323408496112 0 0 0
-0.084748530583553291 0.23437563776792411 -0.084928977139427569 0 0 0
-0.083438386674523898 0.2365183781131257 -0.083654316971501594 0 0 0
-0.084560009404827205 0.23642781072805327 -0.085386410370903568 0 0 0
-0.080345803107788008 0.22269388199117771 -0.093575629284881251 0 0 0
-0.081057649814221894 0.22244794062052359 -0.09410782777134398 0 0 0
-0.081940271763729075 0.22184575082142641 -0.092952899592632796 0 0 0
-0.084403238048876311 0.22231303411245229 -0.092132860682296744 0 0 0
-0.08344582042062243 0.22184036473021349 -0.092470831478482882 0 0 0
-0.083577664666591819 0.22236339362511129 -0.094139268562941053 0 0 0
-0.082489021066151677 0.22232639537939494 -0.094494159995778565 0 0 0
-0.0843594438752195 0.22248115392488044 -0.09344440631206434 0 0 0
-0.081015439235431433 0.22221084911535008 -0.093248913297975286 0 0 0
-0.081808287063632051 0.22215208043602974 -0.093894919875876018 0 0 0
-0.081535994866356071 0.22313846015519867 -0.081121484796038715 0 0 0
-0.080031574712958298 0.22220886350395921 -0.080352607705227688 0 0 0
-0.080946469036771745 0.22148354862753911 -0.082533655374409459 0 0 0
-0.079108528575544054 0.2213324351919522 -0.080756811886664892 0 0 0
-0.079882343035388687 0.22077019498058395 -0.082647981469835152 0 0 0
-0.078816201776980635 0.22059281504214268 -0.082023673301054797 0 0 0
-0.08081260637600457 0.22311462641633845 -0.080350654594963836 0 0 0
-0.08165492917429612 0.22244369979230949 -0.08210213076633105 0 0 0
3 0 1 2
3 2 1 3
3 2 3 4
3 4 3 5
3 6 7 8
3 8 7 9
3 9 10 8
3 8 10 11
3 11 12 8
3 8 12 6
3 13 14 15
3 15 14 16
3 7 6 15
3 15 6 13
3 16 17 15
3 15 17 7
3 5 18 4
3 4 18 19
3 20 21 22
3 22 21 23
3 22 24 20
3 20 24 25
3 26 27 28
3 28 27 29
3 26 28 23
3 23 28 22
3 23 30 26
3 26 30 27
3 31 32 33
3 33 32 34
3 31 35 32
3 32 35 36
3 33 37 31
3 31 37 35
3 38 19 39
3 39 19 18
3 39 40 38
3 38 40 41
3 40 39 42
3 42 39 43
3 42 27 40
3 40 27 30
3 40 30 41
3 41 30 44
3 42 43 45
3 45 43 10
3 45 29 42
3 42 29 27
3 45 10 46
3 46 10 9
3 45 46 29
3 29 46 47
3 46 17 47
3 47 17 48
3 47 48 49
3 49 48 50
3 49 28 47
3 47 28 29
3 49 50 24
3 24 50 51
3 24 22 49
3 49 22 28
3 50 52 51
3 51 52 53
3 51 53 54
3 54 53 55
3 54 25 51
3 51 25 24
3 53 52 56
3 56 52 57
3 56 58 53
3 53 58 55
3 56 57 36
3 36 57 32
3 36 59 56
3 56 59 58
3 59 36 60
3 60 36 35
3 57 61 32
3 32 61 34
3 52 62 57
3 57 62 61
3 62 16 61
3 61 16 14
3 52 50 62
3 62 50 48
3 62 48 16
3 16 48 17
3 61 14 34
3 34 14 63
3 63 14 64
3 64 14 13
3 64 65 63
3 63 65 66
3 63 66 34
3 34 66 33
3 65 3 66
3 66 3 1
3 66 1 33
3 33 1 37
3 65 64 67
3 67 64 12
3 67 5 65
3 65 5 3
3 12 11 67
3 67 11 68
3 67 68 5
3 5 68 18
3 11 10 68
3 68 10 43
3 68 43 18
3 18 43 39
3 64 13 12
3 12 13 6
3 46 9 17
3 17 9 7
3 1 0 37
3 37 0 69
3 37 69 35
3 35 69 60
3 30 23 44
3 44 23 21
3 70 71 72
3 72 71 73
3 73 74 72
3 72 74 75
3 75 76 72
3 72 76 70
3 73 71 77
3 77 71 78
3 79 74 77
3 77 74 73
3 78 80 77
3 77 80 79
3 81 82 83
3 83 82 84
3 83 84 85
3 85 84 86
3 85 87 83
3 83 87 81
3 88 89 90
3 90 89 91
3 90 91 92
3 92 91 93
3 92 94 90
3 90 94 88
3 95 81 96
3 96 81 87
3 96 87 93
3 93 87 92
3 95 97 81
3 81 97 82
3 97 98 82
3 82 98 76
3 98 99 76
3 76 99 70
3 94 92 85
3 85 92 87
3 85 86 94
3 94 86 100
3 94 100 88
3 88 100 101
3 102 89 101
3 101 89 88
3 100 79 101
3 101 79 80
3 101 80 102
3 102 80 103
3 86 74 100
3 100 74 79
3 84 75 86
3 86 75 74
3 82 76 84
3 84 76 75
3 80 78 103
3 103 78 104
3 71 105 78
3 78 105 104
3 70 99 71
3 71 99 105
3 106 107 108
3 108 107 109
3 109 110 108
3 108 110 111
3 108 111 106
3 106 111 112
3 113 114 115
3 115 114 116
3 115 117 113
3 113 117 118
3 119 120 121
3 121 120 122
3 122 123 121
3 121 123 124
3 121 124 119
3 119 124 125
3 126 127 128
3 128 127 129
3 128 129 130
3 130 129 131
3 107 106 132
3 132 106 133
3 133 131 132
3 132 131 129
3 132 129 107
3 107 129 127
3 134 135 136
3 136 135 137
3 136 137 118
3 118 137 113
3 135 122 137
3 137 122 120
3 137 120 113
3 113 120 114
3 135 134 138
3 138 134 139
3 138 123 135
3 135 123 122
3 139 140 138
3 138 140 141
3 141 142 138
3 138 142 123
3 142 141 133
3 133 141 131
3 133 106 142
3 142 106 112
3 142 112 123
3 123 112 124
3 140 130 141
3 141 130 131
3 127 126 143
3 143 126 144
3 143 109 127
3 127 109 107
3 144 145 143
3 143 145 146
3 143 146 109
3 109 146 110
3 145 147 146
3 146 147 148
3 146 148 110
3 110 148 149
3 148 150 149
3 149 150 151
3 149 151 125
3 125 151 119
3 125 111 149
3 149 111 110
3 150 116 151
3 151 116 114
3 151 114 119
3 119 114 120
3 152 153 150
3 150 153 116
3 150 148 152
3 152 148 147
3 124 112 125
3 125 112 111
3 115 116 117
3 117 116 153
3 154 155 156
3 156 155 157
3 156 157 158
3 158 157 159
3 158 160 156
3 156 160 154
3 161 162 163
3 163 162 164
3 163 165 161
3 161 165 166
3 161 166 162
3 162 166 167
3 168 169 170
3 170 169 171
3 170 171 172
3 172 171 173
3 170 172 168
3 168 172 174
3 171 175 173
3 173 175 176
3 177 178 179
3 179 178 180
3 181 157 182
3 182 157 155
3 182 183 181
3 181 183 164
3 184 159 181
3 181 159 157
3 181 164 184
3 184 164 162
3 184 162 185
3 185 162 167
3 185 186 184
3 184 186 159
3 186 185 169
3 169 185 187
3 169 168 186
3 186 168 188
3 186 188 159
3 159 188 158
3 168 174 188
3 188 174 189
3 188 189 158
3 158 189 160
3 187 190 175
3 175 190 191
3 175 171 187
3 187 171 169
3 185 167 187
3 187 167 190
3 192 193 191
3 191 193 194
3 194 176 191
3 191 176 175
3 191 190 192
3 192 190 195
3 196 178 195
3 195 178 192
3 190 167 195
3 195 167 166
3 195 166 196
3 196 166 165
3 197 180 196
3 196 180 178
3 196 165 197
3 197 165 198
3 178 177 192
3 192 177 193
3 165 163 198
3 198 163 199
3 163 164 199
3 199 164 183
3 200 201 202
3 202 201 203
3 204 205 202
3 202 205 200
3 202 203 204
3 204 203 206
3 207 208 209
3 209 208 210
3 210 211 209
3 209 211 212
3 212 213 209
3 209 213 207
3 214 215 216
3 216 215 217
3 216 218 214
3 214 218 219
3 217 220 216
3 216 220 218
3 221 222 223
3 223 222 224
3 223 225 221
3 221 225 226
3 224 227 223
3 223 227 225
3 228 229 230
3 230 229 231
3 232 233 228
3 228 233 229
3 233 200 229
3 229 200 205
3 232 234 233
3 233 234 235
3 233 235 200
3 200 235 201
3 234 236 235
3 235 236 237
3 235 237 201
3 201 237 238
3 239 203 238
3 238 203 201
3 237 225 238
3 238 225 227
3 238 227 239
3 239 227 240
3 227 224 240
3 240 224 241
3 240 241 242
3 242 241 243
3 242 244 240
3 240 244 239
3 244 206 239
3 239 206 203
3 244 242 211
3 211 242 245
3 244 211 206
3 206 211 210
3 242 243 245
3 245 243 246
3 246 247 245
3 245 247 248
3 245 248 211
3 211 248 212
3 247 249 248
3 248 249 250
3 248 250 212
3 212 250 213
3 249 217 250
3 250 217 215
3 250 215 213
3 213 215 251
3 215 214 251
3 251 214 252
3 251 252 253
3 253 252 254
3 253 207 251
3 251 207 213
3 253 254 255
3 255 254 231
3 255 208 253
3 253 208 207
3 255 231 205
3 205 231 229
3 205 204 255
3 255 204 208
3 252 256 254
3 254 256 257
3 254 257 231
3 231 257 230
3 256 252 219
3 219 252 214
3 249 247 258
3 258 247 259
3 258 220 249
3 249 220 217
3 247 246 259
3 259 246 260
3 260 246 261
3 261 246 243
3 262 241 222
3 222 241 224
3 261 243 262
3 262 243 241
3 236 226 237
3 237 226 225
3 208 204 210
3 210 204 206
3 263 264 265
3 265 264 266
3 266 267 265
3 265 267 268
3 265 268 263
3 263 268 269
3 270 271 272
3 272 271 273
3 273 274 272
3 272 274 275
3 275 276 272
3 272 276 270
3 277 278 279
3 279 278 280
3 281 282 277
3 277 282 278
3 279 283 277
3 277 283 281
3 284 285 286
3 286 285 287
3 286 288 284
3 284 288 289
3 289 290 291
3 291 290 292
3 291 282 289
3 289 282 284
3 288 293 289
3 289 293 290
3 293 294 290
3 290 294 295
3 296 297 275
3 275 297 276
3 275 274 296
3 296 274 298
3 297 299 276
3 276 299 300
3 299 301 300
3 300 301 302
3 300 302 303
3 303 302 304
3 303 270 300
3 300 270 276
3 303 304 280
3 280 304 279
3 280 271 303
3 303 271 270
3 302 266 304
3 304 266 264
3 304 264 279
3 279 264 283
3 301 267 302
3 302 267 266
3 291 292 305
3 305 292 306
3 305 278 291
3 291 278 282
3 305 306 271
3 271 306 273
3 271 280 305
3 305 280 278
3 306 307 273
3 273 307 274
3 292 308 306
3 306 308 307
3 308 309 307
3 307 309 310
3 308 292 295
3 295 292 290
3 295 311 308
3 308 311 309
3 307 310 274
3 274 310 298
3 285 284 281
3 281 284 282
3 285 281 312
3 312 281 283
3 312 313 285
3 285 313 287
3 312 283 263
3 263 283 264
3 311 295 294
3 263 269 312
3 312 269 313
3 314 315 316
3 316 315 317
3 314 316 318
3 318 316 319
3 320 321 322
3 322 321 323
3 324 325 322
3 322 325 320
3 326 327 328
3 328 327 329
3 328 329 330
3 330 329 331
3 330 332 328
3 328 332 326
3 333 334 335
3 335 334 336
3 318 319 333
3 333 319 334
3 337 338 339
3 339 338 336
3 339 340 337
3 337 340 341
3 341 342 337
3 337 342 338
3 343 344 345
3 345 344 346
3 345 347 343
3 343 347 348
3 346 349 345
3 345 349 347
3 350 351 324
3 324 351 325
3 352 353 354
3 354 353 355
3 352 354 356
3 356 354 357
3 356 358 352
3 352 358 353
3 359 360 361
3 361 360 362
3 361 362 350
3 350 362 351
3 360 326 362
3 362 326 332
3 362 332 351
3 351 332 363
3 344 325 363
3 363 325 351
3 332 330 363
3 363 330 364
3 363 364 344
3 344 364 346
3 330 331 364
3 364 331 365
3 364 365 346
3 346 365 349
3 365 331 355
3 355 331 366
3 365 355 349
3 349 355 353
3 331 329 366
3 366 329 367
3 366 367 368
3 368 367 369
3 368 354 366
3 366 354 355
3 368 369 370
3 370 369 340
3 370 357 368
3 368 357 354
3 370 340 371
3 371 340 339
3 371 372 370
3 370 372 357
3 372 371 319
3 319 371 334
3 319 316 372
3 372 316 373
3 372 373 357
3 357 373 356
3 316 317 373
3 373 317 374
3 373 374 356
3 356 374 358
3 317 321 374
3 374 321 348
3 374 348 358
3 358 348 347
3 339 336 371
3 371 336 334
3 367 375 369
3 369 375 376
3 369 376 340
3 340 376 341
3 376 375 377
3 377 375 378
3 376 377 341
3 341 377 342
3 377 378 379
3 379 378 380
3 379 381 377
3 377 381 342
3 378 382 380
3 380 382 383
3 382 360 383
3 383 360 359
3 382 378 327
3 327 378 375
3 382 327 360
3 360 327 326
3 375 367 327
3 327 367 329
3 358 347 353
3 353 347 349
3 321 320 348
3 348 320 343
3 344 343 325
3 325 343 320
3 384 338 381
3 381 338 342
3 335 336 384
3 384 336 338
3 321 317 323
3 323 317 315
3 385 386 387
3 387 386 388
3 388 389 387
3 387 389 390
3 387 390 385
3 385 390 391
3 392 393 394
3 394 393 395
3 396 397 392
3 392 397 393
3 388 386 398
3 398 386 399
3 398 399 400
3 400 399 401
3 400 389 398
3 398 389 388
3 396 391 397
3 397 391 390
3 397 390 393
3 393 390 389
3 394 395 402
3 402 395 403
3 395 400 403
3 403 400 401
3 400 395 389
3 389 395 393
3 404 405 406
3 406 405 407
3 407 408 406
3 406 408 409
3 409 410 406
3 406 410 404
3 411 412 413
3 413 412 414
3 413 414 405
3 405 414 407
3 415 416 417
3 417 416 418
3 418 419 417
3 417 419 420
3 420 421 417
3 417 421 415
3 422 423 424
3 424 423 425
3 426 427 424
3 424 427 422
3 424 425 426
3 426 425 428
3 429 430 431
3 431 430 432
3 429 431 433
3 433 431 434
3 433 435 429
3 429 435 430
3 435 436 430
3 430 436 437
3 438 439 440
3 440 439 441
3 438 442 439
3 439 442 443
3 444 445 443
3 443 445 439
3 442 434 443
3 443 434 431
3 443 431 444
3 444 431 432
3 422 427 445
3 445 427 446
3 445 446 439
3 439 446 441
3 445 444 422
3 422 444 423
3 427 447 446
3 446 447 448
3 448 412 446
3 446 412 441
3 447 449 448
3 448 449 450
3 450 414 448
3 448 414 412
3 450 449 408
3 408 449 451
3 408 407 450
3 450 407 414
3 416 452 451
3 451 452 453
3 453 409 451
3 451 409 408
3 451 449 416
3 416 449 418
3 452 454 453
3 453 454 455
3 455 410 453
3 453 410 409
3 454 452 456
3 456 452 457
3 458 459 457
3 457 459 456
3 452 416 457
3 457 416 415
3 457 415 458
3 458 415 421
3 421 460 458
3 458 460 461
3 461 462 458
3 458 462 459
3 460 463 461
3 461 463 464
3 461 464 462
3 462 464 465
3 463 466 464
3 464 466 437
3 464 437 465
3 465 437 436
3 466 463 423
3 423 463 425
3 423 444 466
3 466 444 432
3 466 432 437
3 437 432 430
3 463 460 425
3 425 460 428
3 460 421 428
3 428 421 420
3 449 447 418
3 418 447 419
3 447 427 419
3 419 427 426
3 412 411 441
3 441 411 440
3 428 420 426
3 426 420 419
3 467 468 469
3 469 468 470
3 469 471 467
3 467 471 472
3 470 473 469
3 469 473 471
3 474 475 476
3 476 475 477
3 474 476 478
3 478 476 479
3 478 480 474
3 474 480 475
3 481 482 483
3 483 482 484
3 483 485 481
3 481 485 486
3 481 486 482
3 482 486 487
3 488 484 489
3 489 484 490
3 491 468 489
3 489 468 488
3 490 492 489
3 489 492 491
3 492 490 493
3 493 490 494
3 493 477 492
3 492 477 495
3 492 495 491
3 491 495 496
3 496 495 497
3 497 495 498
3 497 473 496
3 496 473 470
3 496 470 491
3 491 470 468
3 497 498 499
3 499 498 500
3 499 501 497
3 497 501 473
3 495 477 498
3 498 477 475
3 498 475 500
3 500 475 480
3 493 494 502
3 502 494 503
3 502 476 493
3 493 476 477
3 502 503 504
3 504 503 505
3 504 479 502
3 502 479 476
3 494 482 503
3 503 482 487
3 487 506 503
3 503 506 505
3 490 484 494
3 494 484 482
3 468 467 488
3 488 467 507
3 488 507 484
3 484 507 483
3 467 472 507
3 507 472 508
3 507 508 483
3 483 508 485
3 472 509 508
3 508 509 510
3 508 510 485
3 485 510 511
3 486 512 487
3 487 512 506
3 485 511 486
3 486 511 512
3 501 513 473
3 473 513 471
3 471 513 472
3 472 513 509
3 520 2 4
3 4 19 514
3 520 517 0
3 515 20 25
3 25 54 515
3 515 54 55
3 519 21 20
3 519 518 44
3 516 518 519
3 517 518 516
3 516 60 69
3 514 41 518
3 520 514 518
3 0 2 520
3 19 38 514
3 41 514 38
3 55 58 515
3 59 515 58
3 515 59 516
3 60 516 59
3 516 69 517
3 0 517 69
3 41 44 518
3 519 515 516
3 44 21 519
3 20 515 519
3 4 514 520
3 518 517 520
3 527 524 102
3 527 103 104
3 527 521 522
3 102 103 527
3 89 524 526
3 525 522 98
3 523 95 96
3 96 93 523
3 526 522 525
3 524 522 526
3 104 105 521
3 99 521 105
3 521 99 522
3 98 522 99
3 525 97 95
3 526 523 93
3 526 91 89
3 102 524 89
3 98 97 525
3 95 523 525
3 525 523 526
3 93 91 526
3 104 521 527
3 522 524 527
3 528 152 147
3 147 145 528
3 535 530 533
3 152 528 533
3 534 532 533
3 535 529 126
3 117 532 534
3 536 530 130
3 534 531 118
3 531 139 134
3 134 136 531
3 136 118 531
3 533 153 152
3 529 528 145
3 145 144 529
3 126 529 144
3 533 529 535
3 535 128 130
3 534 530 536
3 536 140 139
3 118 117 534
3 153 532 117
3 153 533 532
3 528 529 533
3 533 530 534
3 536 531 534
3 126 128 535
3 130 530 535
3 130 140 536
3 139 531 536
3 537 173 176
3 176 194 537
3 544 173 537
3 538 537 177
3 538 539 544
3 537 538 544
3 545 540 174
3 172 544 545
3 542 189 540
3 546 542 540
3 543 160 542
3 546 541 198
3 155 154 543
3 543 183 182
3 546 199 183
3 182 155 543
3 194 193 537
3 177 537 193
3 177 179 538
3 180 538 179
3 538 180 539
3 197 539 180
3 174 540 189
3 545 539 541
3 539 197 541
3 198 541 197
3 189 542 160
3 198 199 546
3 160 543 154
3 183 543 546
3 174 172 545
3 173 544 172
3 539 545 544
3 541 540 545
3 543 542 546
3 540 541 546
3 547 258 259
3 554 220 258
3 259 260 547
3 554 552 218
3 258 547 554
3 555 219 218
3 553 551 221
3 553 226 236
3 236 234 232
3 236 232 549
3 236 549 553
3 550 549 230
3 221 226 553
3 555 550 256
3 548 222 551
3 551 552 548
3 260 261 547
3 262 547 261
3 547 262 548
3 222 548 262
3 232 228 549
3 230 549 228
3 230 257 550
3 256 550 257
3 221 551 222
3 552 551 550
3 550 555 552
3 218 220 554
3 549 550 553
3 551 553 550
3 547 548 554
3 552 554 548
3 256 219 555
3 218 552 555
3 556 296 298
3 556 297 296
3 557 299 556
3 562 557 556
3 560 267 301
3 562 558 560
3 564 559 268
3 563 293 288
3 288 286 287
3 563 294 293
3 313 559 563
3 563 287 313
3 561 558 311
3 311 294 561
3 558 561 564
3 297 556 299
3 562 556 298
3 299 557 301
3 309 558 562
3 562 310 309
3 311 558 309
3 313 269 559
3 268 559 269
3 561 559 564
3 301 557 560
3 563 559 561
3 564 560 558
3 560 557 562
3 298 310 562
3 561 294 563
3 288 287 563
3 268 267 564
3 560 564 267
3 571 314 318
3 318 333 571
3 565 383 359
3 565 359 361
3 361 350 565
3 566 379 380
3 380 565 566
3 566 567 568
3 568 381 566
3 569 384 568
3 323 570 572
3 569 570 571
3 333 335 569
3 570 315 571
3 383 565 380
3 350 324 565
3 379 566 381
3 567 566 565
3 565 324 567
3 322 567 324
3 381 568 384
3 572 568 567
3 384 569 335
3 572 570 569
3 572 322 323
3 315 570 323
3 314 571 315
3 569 571 333
3 569 568 572
3 567 322 572
3 573 391 396
3 575 385 391
3 574 386 575
3 574 402 403
3 403 401 574
3 394 402 574
3 573 394 574
3 575 573 574
3 396 392 573
3 394 573 392
3 401 399 574
3 386 574 399
3 385 575 386
3 391 573 575
3 576 459 462
3 462 465 576
3 577 454 456
3 456 576 577
3 582 410 455
3 455 577 582
3 581 404 582
3 582 578 581
3 579 442 438
3 579 434 442
3 438 440 579
3 440 411 579
3 580 433 579
3 405 581 583
3 580 581 578
3 578 435 580
3 459 576 456
3 584 577 576
3 454 577 455
3 436 578 584
3 584 465 436
3 435 578 436
3 434 579 433
3 583 579 411
3 433 580 435
3 583 581 580
3 583 413 405
3 404 581 405
3 410 582 404
3 577 585 582
3 580 579 583
3 411 413 583
3 585 577 584
3 576 465 584
3 584 578 585
3 582 585 578
3 591 478 479
3 592 510 509
3 592 587 511
3 511 510 592
3 499 588 593
3 589 512 587
3 589 587 588
3 505 506 589
3 591 589 590
3 504 505 589
3 589 591 504
3 479 504 591
3 509 513 586
3 593 586 513
3 511 587 512
3 593 588 587
3 593 501 499
3 500 588 499
3 512 589 506
3 588 590 589
3 588 500 590
3 480 590 500
3 478 591 590
3 590 480 478
3 509 586 592
3 587 592 586
3 587 586 593
3 513 501 593

