COFF
581 1118 0
0.067988671362400055 0.26742210984230042 -0.11175683885812759 128 211 59
0.068559877574443817 0.26794359087944031 -0.11232567578554153 128 211 59
0.068785548210144043 0.26743784546852112 -0.11116784811019897 128 211 59
0.069300562143325806 0.26789772510528564 -0.11131301522254944 128 211 59
0.068770065903663635 0.2674730122089386 -0.11050552129745483 128 211 59
0.067641988396644592 0.26739165186882019 -0.11088640242815018 128 211 59
0.069503217935562134 0.26802197098731995 -0.11049476265907288 128 211 59
0.067384049296379089 0.26915767788887024 -0.10905046015977859 128 211 59
0.067435093224048615 0.2684406042098999 -0.10944309830665588 128 211 59
0.068027019500732422 0.26925948262214661 -0.10893002897500992 128 211 59
0.068402662873268127 0.26834112405776978 -0.1093110516667366 128 211 59
0.06663677841424942 0.26998761296272278 -0.10892236232757568 128 211 59
0.066255755722522736 0.26913893222808838 -0.10945701599121094 128 211 59
0.067300111055374146 0.27050772309303284 -0.10867238789796829 128 211 59
0.069145567715167999 0.26869413256645203 -0.11248840391635895 128 211 59
0.068627908825874329 0.26930570602416992 -0.11345834285020828 128 211 59
0.069523721933364868 0.2693924605846405 -0.11245156079530716 128 211 59
0.069396905601024628 0.27009209990501404 -0.1129852831363678 128 211 59
0.069854490458965302 0.26959574222564697 -0.11184795200824738 128 211 59
0.069651760160923004 0.26864725351333618 -0.11154786497354507 128 211 59
0.069895431399345398 0.27075928449630737 -0.1122906282544136 128 211 59
0.069462575018405914 0.27058979868888855 -0.10928165912628174 128 211 59
0.06919223815202713 0.27001944184303284 -0.10902480781078339 128 211 59
0.069786600768566132 0.27023544907569885 -0.10970426350831985 128 211 59
0.069613978266716003 0.26925680041313171 -0.10945701599121094 128 211 59
0.069620572030544281 0.27163341641426086 -0.1099105030298233 128 211 59
0.069205641746520996 0.27165082097053528 -0.10928294807672501 128 211 59
0.068678446114063263 0.27137619256973267 -0.10881833732128143 128 211 59
0.069929979741573334 0.27148738503456116 -0.11064516752958298 128 211 59
0.07000984251499176 0.27005258202552795 -0.11034070700407028 128 211 59
0.070063963532447815 0.27120539546012878 -0.11145904660224915 128 211 59
0.070046328008174896 0.26986235380172729 -0.11107916384935379 128 211 59
0.068015553057193756 0.27096623182296753 -0.10862156003713608 128 211 59
0.068667411804199219 0.26957967877388 -0.10888271033763885 128 211 59
0.069125354290008545 0.26867473125457764 -0.1092798039317131 128 211 59
0.069395475089550018 0.26822423934936523 -0.10982326418161392 128 211 59
0.068597659468650818 0.26777178049087524 -0.1098451241850853 128 211 59
0.069853775203227997 0.26897680759429932 -0.11004384607076645 128 211 59
0.069882236421108246 0.2688177227973938 -0.11074481904506683 128 211 59
0.067472659051418304 0.26778316497802734 -0.11008025705814362 128 211 59
0.066174894571304321 0.26828354597091675 -0.11026643216609955 128 211 59
0.066344216465950012 0.26777446269989014 -0.11131644994020462 128 211 59
0.066749259829521179 0.267779141664505 -0.1125580221414566 128 211 59
0.067552372813224792 0.26844027638435364 -0.11351031810045242 128 211 59
0.073554523289203644 0.26699608564376831 -0.11010012030601501 128 211 59
0.073030486702919006 0.26747134327888489 -0.11094417423009872 128 211 59
0.074144087731838226 0.26730555295944214 -0.11062466353178024 128 211 59
0.073911957442760468 0.26776304841041565 -0.11125300824642181 128 211 59
0.075030006468296051 0.26748675107955933 -0.11056451499462128 128 211 59
0.074644036591053009 0.2683793306350708 -0.11176434904336929 128 211 59
0.07346806675195694 0.26831534504890442 -0.11165324598550797 128 211 59
0.072830840945243835 0.26840677857398987 -0.11156026273965836 128 211 59
0.07374127209186554 0.26897814869880676 -0.11208982020616531 128 211 59
0.072828397154808044 0.26948857307434082 -0.1120230108499527 128 211 59
0.071657516062259674 0.26829090714454651 -0.10973165184259415 128 211 59
0.072228580713272095 0.26796936988830566 -0.10876098275184631 128 211 59
0.071656294167041779 0.26876211166381836 -0.10925477743148804 128 211 59
0.072014018893241882 0.26868945360183716 -0.10860736668109894 128 211 59
0.071839675307273865 0.2693934440612793 -0.10879819840192795 128 211 59
0.071594357490539551 0.26953747868537903 -0.10943206399679184 128 211 59
0.071533925831317902 0.26939111948013306 -0.11021553725004196 128 211 59
0.072410747408866882 0.26930037140846252 -0.10779872536659241 128 211 59
0.072023697197437286 0.27010482549667358 -0.10839595645666122 128 211 59
0.071691714227199554 0.27065944671630859 -0.10939262807369232 128 211 59
0.071572855114936829 0.27067586779594421 -0.11036895215511322 128 211 59
0.071717739105224609 0.27040058374404907 -0.11113730072975159 128 211 59
0.071720816195011139 0.26907092332839966 -0.11083012074232101 128 211 59
0.071887634694576263 0.2678561806678772 -0.11019159108400345 128 211 59
0.072142481803894043 0.26997554302215576 -0.11170005798339844 128 211 59
0.07215496152639389 0.26871490478515625 -0.11128612607717514 128 211 59
0.072328448295593262 0.26755273342132568 -0.11059612780809402 128 211 59
0.072987258434295654 0.26703092455863953 -0.1095438152551651 128 211 59
0.072548598051071167 0.26739734411239624 -0.10908401012420654 128 211 59
0.073318667709827423 0.26758289337158203 -0.10797020047903061 128 211 59
0.072835423052310944 0.26837462186813354 -0.10773972421884537 128 211 59
0.073851026594638824 0.26706776022911072 -0.1085260733962059 128 211 59
0.074390478432178497 0.26699343323707581 -0.10937162488698959 128 211 59
0.07432287186384201 0.25739258527755737 -0.11692718416452408 128 211 59
0.074796445667743683 0.25792276859283447 -0.11604642868041992 128 211 59
0.073646858334541321 0.25817698240280151 -0.11697858572006226 128 211 59
0.073899485170841217 0.25881800055503845 -0.11634780466556549 128 211 59
0.07306274026632309 0.25848644971847534 -0.11775913089513779 128 211 59
0.073740050196647644 0.25734302401542664 -0.11817097663879395 128 211 59
0.073082171380519867 0.25965797901153564 -0.11710073798894882 128 211 59
0.077085591852664948 0.25795793533325195 -0.1159832701086998 128 211 59
0.078200407326221466 0.25851023197174072 -0.11622471362352371 128 211 59
0.076999634504318237 0.25882336497306824 -0.11560913175344467 128 211 59
0.077464744448661804 0.25952836871147156 -0.11565206944942474 128 211 59
0.076366052031517029 0.25915428996086121 -0.11543872207403183 128 211 59
0.0766400545835495 0.26040887832641602 -0.11550389230251312 128 211 59
0.076029404997825623 0.25810664892196655 -0.11568232625722885 128 211 59
0.07535833865404129 0.25682991743087769 -0.11705607920885086 128 211 59
0.076496385037899017 0.25675588846206665 -0.11704984307289124 128 211 59
0.07574336975812912 0.25734537839889526 -0.11619295924901962 128 211 59
0.076878048479557037 0.25718426704406738 -0.11652106791734695 128 211 59
0.075300559401512146 0.25654658675193787 -0.11838918179273605 128 211 59
0.075130514800548553 0.25869375467300415 -0.11559221148490906 128 211 59
0.075549103319644928 0.25972697138786316 -0.11542647331953049 128 211 59
0.074282087385654449 0.25959435105323792 -0.11588943004608154 128 211 59
0.074751853942871094 0.26016238331794739 -0.11565250158309937 128 211 59
0.073614530265331268 0.26059675216674805 -0.11647985130548477 128 211 59
0.074502237141132355 0.26108339428901672 -0.11597165465354919 128 211 59
0.078033238649368286 0.25730282068252563 -0.11692525446414948 128 211 59
0.077248826622962952 0.25663366913795471 -0.11765259504318237 128 211 59
0.075587958097457886 0.26100870966911316 -0.11563041061162949 128 211 59
0.074247673153877258 0.25586235523223877 -0.11165688931941986 128 211 59
0.073959276080131531 0.25510275363922119 -0.11177417635917664 128 211 59
0.074642248451709747 0.25594037771224976 -0.11115244030952454 128 211 59
0.074534431099891663 0.25468677282333374 -0.11100160330533981 128 211 59
0.074310258030891418 0.25642502307891846 -0.11216266453266144 128 211 59
0.073818258941173553 0.25572469830513 -0.11269945651292801 128 211 59
0.07476719468832016 0.25682589411735535 -0.11155739426612854 128 211 59
0.076460681855678558 0.25606697797775269 -0.11033540219068527 128 211 59
0.077026233077049255 0.25631079077720642 -0.11055842041969299 128 211 59
0.076219163835048676 0.25675421953201294 -0.11051906645298004 128 211 59
0.076498106122016907 0.25709417462348938 -0.11074066162109375 128 211 59
0.075751692056655884 0.25690996646881104 -0.11067922413349152 128 211 59
0.075988262891769409 0.25751248002052307 -0.11105745285749435 128 211 59
0.075821943581104279 0.25594303011894226 -0.11037670075893402 128 211 59
0.077192187309265137 0.2568419873714447 -0.11423100531101227 128 211 59
0.076258450746536255 0.25688350200653076 -0.11433839797973633 128 211 59
0.076980777084827423 0.25724387168884277 -0.11372509598731995 128 211 59
0.076341181993484497 0.25739055871963501 -0.11364781856536865 128 211 59
0.076571658253669739 0.25771141052246094 -0.11300347745418549 128 211 59
0.077334128320217133 0.25728940963745117 -0.11330228298902512 128 211 59
0.077856019139289856 0.25673747062683105 -0.11379025876522064 128 211 59
0.077767699956893921 0.25681418180465698 -0.1114940270781517 128 211 59
0.077798172831535339 0.25705832242965698 -0.11209104210138321 128 211 59
0.077254123985767365 0.25733566284179688 -0.11141359061002731 128 211 59
0.077070251107215881 0.25763773918151855 -0.11178966611623764 128 211 59
0.076886005699634552 0.25730818510055542 -0.11106999218463898 128 211 59
0.076444335281848907 0.25776433944702148 -0.11143150925636292 128 211 59
0.07748209685087204 0.25657236576080322 -0.11096096038818359 128 211 59
0.076904505491256714 0.25501665472984314 -0.11022220551967621 128 211 59
0.076108194887638092 0.25474068522453308 -0.1101880818605423 128 211 59
0.075304284691810608 0.25461676716804504 -0.11044558882713318 128 211 59
0.075206644833087921 0.25591793656349182 -0.11065828055143356 128 211 59
0.07523682713508606 0.2569444477558136 -0.11102955788373947 128 211 59
0.075509242713451385 0.2576223611831665 -0.11152011901140213 128 211 59
0.075078971683979034 0.25742673873901367 -0.11212904006242752 128 211 59
0.074691995978355408 0.25696289539337158 -0.11281250417232513 128 211 59
0.076072998344898224 0.25794017314910889 -0.11198142915964127 128 211 59
0.075718432664871216 0.25776535272598267 -0.11264863610267639 128 211 59
0.075434185564517975 0.25731891393661499 -0.11335454881191254 128 211 59
0.075210444629192352 0.25673949718475342 -0.11409923434257507 128 211 59
0.074313201010227203 0.25634127855300903 -0.1135137602686882 128 211 59
0.07817116379737854 0.25565433502197266 -0.11104103177785873 128 211 59
0.077625617384910583 0.25533482432365417 -0.11052057147026062 128 211 59
0.078472897410392761 0.25596949458122253 -0.11171711981296539 128 211 59
0.078532971441745758 0.25626590847969055 -0.11245342344045639 128 211 59
0.078310161828994751 0.25654155015945435 -0.11317445337772369 128 211 59
0.077644683420658112 0.25723150372505188 -0.11271493881940842 128 211 59
0.076844863593578339 0.25780084729194641 -0.11236310005187988 128 211 59
0.079984225332736969 0.25671872496604919 -0.11070187389850616 128 211 59
0.079494737088680267 0.2568131685256958 -0.11013001948595047 128 211 59
0.07934541255235672 0.25699871778488159 -0.11118175089359283 128 211 59
0.078870616853237152 0.25720804929733276 -0.11099594086408615 128 211 59
0.079460039734840393 0.25727939605712891 -0.1117415577173233 128 211 59
0.080406397581100464 0.25701481103897095 -0.11145337671041489 128 211 59
0.078812770545482635 0.2576119601726532 -0.11172973364591599 128 211 59
0.079044535756111145 0.25817027688026428 -0.11223176866769791 128 211 59
0.07862602174282074 0.25864818692207336 -0.11206014454364777 128 211 59
0.079290062189102173 0.25872018933296204 -0.11246073246002197 128 211 59
0.079033493995666504 0.25925475358963013 -0.1123359277844429 128 211 59
0.079878769814968109 0.25877848267555237 -0.11253286153078079 128 211 59
0.079754456877708435 0.25789129734039307 -0.11225327104330063 128 211 59
0.079724207520484924 0.25972363352775574 -0.11245837062597275 128 211 59
0.078160554170608521 0.25854235887527466 -0.11130920797586441 128 211 59
0.078241921961307526 0.25809124112129211 -0.11046186089515686 128 211 59
0.078025206923484802 0.25891613960266113 -0.1109955757856369 128 211 59
0.078093022108078003 0.25870314240455627 -0.11026536673307419 128 211 59
0.078110866248607635 0.2594510018825531 -0.11025045067071915 128 211 59
0.078130222856998444 0.25949621200561523 -0.11119687557220459 128 211 59
0.078352957963943481 0.25915694236755371 -0.1117517426609993 128 211 59
0.079466558992862701 0.26168626546859741 -0.11014148592948914 128 211 59
0.07880624383687973 0.26097691059112549 -0.11032041162252426 128 211 59
0.079240605235099792 0.26149937510490417 -0.10936912149190903 128 211 59
0.078885823488235474 0.26086103916168213 -0.10913921147584915 128 211 59
0.080684110522270203 0.25777372717857361 -0.11213849484920502 128 211 59
0.080760248005390167 0.25890040397644043 -0.11252518743276596 128 211 59
0.078481137752532959 0.25922861695289612 -0.10896100103855133 128 211 59
0.07852809876203537 0.25839871168136597 -0.10907010734081268 128 211 59
0.078616127371788025 0.26007631421089172 -0.1089789941906929 128 211 59
0.078345939517021179 0.26024544239044189 -0.11030221730470657 128 211 59
0.078467808663845062 0.26025146245956421 -0.11129222810268402 128 211 59
0.079053282737731934 0.26095646619796753 -0.11127221584320068 128 211 59
0.079406417906284332 0.26050600409507751 -0.11201763153076172 128 211 59
0.07875283807516098 0.25986462831497192 -0.11195533722639084 128 211 59
0.080259867012500763 0.26106968522071838 -0.1119571253657341 128 211 59
0.079885005950927734 0.26162931323051453 -0.11107335984706879 128 211 59
0.080616652965545654 0.26011011004447937 -0.11248725652694702 128 211 59
0.078491464257240295 0.25759521126747131 -0.11071549355983734 128 211 59
0.078738570213317871 0.25768598914146423 -0.10931535810232162 128 211 59
0.079073786735534668 0.25714641809463501 -0.10967887938022614 128 211 59
0.078405223786830902 0.25806343555450439 -0.11154341697692871 128 211 59
0.085794024169445038 0.23166030645370483 -0.091761618852615356 128 211 59
0.085544630885124207 0.23195336759090424 -0.092109411954879761 128 211 59
0.086509473621845245 0.23169045150279999 -0.092065319418907166 128 211 59
0.086461812257766724 0.23215900361537933 -0.092815034091472626 128 211 59
0.085525065660476685 0.23163117468357086 -0.09114297479391098 128 211 59
0.084954135119915009 0.23190982639789581 -0.091324537992477417 128 211 59
0.084601432085037231 0.23243363201618195 -0.091592684388160706 128 211 59
0.08423159271478653 0.23283889889717102 -0.090874075889587402 128 211 59
0.084526091814041138 0.23301438987255096 -0.091884203255176544 128 211 59
0.084251515567302704 0.23347657918930054 -0.091476187109947205 128 211 59
0.085010699927806854 0.23332452774047852 -0.092557713389396667 128 211 59
0.08526332676410675 0.23255689442157745 -0.092429280281066895 128 211 59
0.084738709032535553 0.2341444194316864 -0.092370606958866119 128 211 59
0.08484918624162674 0.23436145484447479 -0.088447794318199158 128 211 59
0.084976576268672943 0.23370532691478729 -0.088881403207778931 128 211 59
0.085342898964881897 0.23444618284702301 -0.08792935311794281 128 211 59
0.085894040763378143 0.23350907862186432 -0.088549956679344177 128 211 59
0.084459848701953888 0.23490267992019653 -0.088481426239013672 128 211 59
0.084440417587757111 0.2341330349445343 -0.089185751974582672 128 211 59
0.084766246378421783 0.23519740998744965 -0.087630480527877808 128 211 59
0.085332505404949188 0.23699426651000977 -0.092539653182029724 128 211 59
0.085387915372848511 0.23583441972732544 -0.093128599226474762 128 211 59
0.084358625113964081 0.23589135706424713 -0.091251946985721588 128 211 59
0.084528960287570953 0.23502692580223083 -0.091928400099277496 128 211 59
0.08487749844789505 0.23780274391174316 -0.091241583228111267 128 211 59
0.084134884178638458 0.23673336207866669 -0.090202294290065765 128 211 59
0.085898123681545258 0.23380480706691742 -0.093545682728290558 128 211 59
0.085590511560440063 0.23479081690311432 -0.093463383615016937 128 211 59
0.086235195398330688 0.23291291296482086 -0.093340970575809479 128 211 59
0.086294412612915039 0.23186829686164856 -0.090362012386322021 128 211 59
0.086158491671085358 0.23253345489501953 -0.089433841407299042 128 211 59
0.085276804864406586 0.23199422657489777 -0.090324953198432922 128 211 59
0.085126839578151703 0.23276254534721375 -0.089546278119087219 128 211 59
0.086425244808197021 0.23158125579357147 -0.091249771416187286 128 211 59
0.084612041711807251 0.23232446610927582 -0.090514212846755981 128 211 59
0.084474332630634308 0.233165442943573 -0.089823208749294281 128 211 59
0.084111012518405914 0.23366881906986237 -0.090279005467891693 128 211 59
0.08411724865436554 0.2346186637878418 -0.089635848999023438 128 211 59
0.084102772176265717 0.2342599630355835 -0.090955235064029694 128 211 59
0.084045559167861938 0.23516257107257843 -0.090303055942058563 128 211 59
0.083957530558109283 0.23601025342941284 -0.089318633079528809 128 211 59
0.084134675562381744 0.2354348748922348 -0.088769242167472839 128 211 59
0.08422069251537323 0.23586590588092804 -0.087646692991256714 128 211 59
0.083785407245159149 0.23667976260185242 -0.088058248162269592 128 211 59
0.083783611655235291 0.23757332563400269 -0.088880978524684906 128 211 59
0.084438912570476532 0.23845952749252319 -0.090109594166278839 128 211 59
0.078226789832115173 0.2218695729970932 -0.10110948234796524 128 211 59
0.078634411096572876 0.22096964716911316 -0.10171932727098465 128 211 59
0.078842587769031525 0.2224181741476059 -0.10104779154062271 128 211 59
0.079622775316238403 0.22152259945869446 -0.1018359363079071 128 211 59
0.077229753136634827 0.2223568856716156 -0.10082917660474777 128 211 59
0.077981904149055481 0.22352275252342224 -0.10050543397665024 128 211 59
0.07962527871131897 0.22319920361042023 -0.10127206891775131 128 211 59
0.08039642870426178 0.22246840596199036 -0.10203579813241959 128 211 59
0.08022279292345047 0.22410249710083008 -0.10169173032045364 128 211 59
0.08100476861000061 0.22394140064716339 -0.10235093533992767 128 211 59
0.079847946763038635 0.2251933217048645 -0.10162477195262909 128 211 59
0.08107130229473114 0.22576671838760376 -0.10255216062068939 128 211 59
0.078870616853237152 0.22444847226142883 -0.1008010059595108 128 211 59
0.074976816773414612 0.2227042019367218 -0.10138536989688873 128 211 59
0.075505800545215607 0.22405393421649933 -0.10113471746444702 128 211 59
0.074540950357913971 0.22364868223667145 -0.10185661166906357 128 211 59
0.074643611907958984 0.22469665110111237 -0.10209708660840988 128 211 59
0.078097105026245117 0.22850100696086884 -0.10345060378313065 128 211 59
0.077482305467128754 0.22842565178871155 -0.10364246368408203 128 211 59
0.077530629932880402 0.22807765007019043 -0.10291898250579834 128 211 59
0.076829016208648682 0.22808770835399628 -0.10337547212839127 128 211 59
0.077546402812004089 0.22753174602985382 -0.10228017717599869 128 211 59
0.07600066065788269 0.22754849493503571 -0.10303140431642532 128 211 59
0.079101525247097015 0.22854922711849213 -0.10324165970087051 128 211 59
0.078955784440040588 0.22650487720966339 -0.10174158960580826 128 211 59
0.080417081713676453 0.22744399309158325 -0.10269941389560699 128 211 59
0.075302064418792725 0.22677482664585114 -0.10259374231100082 128 211 59
0.074847422540187836 0.22577542066574097 -0.10230308026075363 128 211 59
0.076583415269851685 0.22656549513339996 -0.10139795392751694 128 211 59
0.075960665941238403 0.22543078660964966 -0.10101340711116791 128 211 59
0.07789214700460434 0.22569036483764648 -0.10078355669975281 128 211 59
0.077037341892719269 0.22457505762577057 -0.10041095316410065 128 211 59
0.076319098472595215 0.22315400838851929 -0.10074670612812042 128 211 59
0.075703591108322144 0.22175301611423492 -0.10119196027517319 128 211 59
0.077071323990821838 0.22085008025169373 -0.10151881724596024 128 211 59
0.087961442768573761 0.22437076270580292 -0.089187867939472198 128 211 59
0.088152490556240082 0.22563475370407104 -0.08853507786989212 128 211 59
0.087706379592418671 0.22583839297294617 -0.089683301746845245 128 211 59
0.087968900799751282 0.22660468518733978 -0.089355804026126862 128 211 59
0.087601639330387115 0.22532361745834351 -0.09041973203420639 128 211 59
0.087830983102321625 0.22404521703720093 -0.090479008853435516 128 211 59
0.087590962648391724 0.22612841427326202 -0.090592809021472931 128 211 59
0.087665736675262451 0.22612172365188599 -0.090972401201725006 128 211 59
0.087747819721698761 0.2253061980009079 -0.091195493936538696 128 211 59
0.087668314576148987 0.22670482099056244 -0.090371653437614441 128 211 59
0.087822511792182922 0.22663214802742004 -0.091110475361347198 128 211 59
0.088054217398166656 0.22573289275169373 -0.091711938381195068 128 211 59
0.090028934180736542 0.22728188335895538 -0.092004567384719849 128 211 59
0.089542530477046967 0.22756992280483246 -0.091537341475486755 128 211 59
0.090346008539199829 0.2276369035243988 -0.091289937496185303 128 211 59
0.089477717876434326 0.22789044678211212 -0.091027498245239258 128 211 59
0.090033300220966339 0.22799962759017944 -0.089959912002086639 128 211 59
0.089319787919521332 0.2281171977519989 -0.090197198092937469 128 211 59
0.089228533208370209 0.22733213007450104 -0.091700971126556396 128 211 59
0.088905930519104004 0.22780269384384155 -0.091052152216434479 128 211 59
0.089673720300197601 0.22678287327289581 -0.092405259609222412 128 211 59
0.089262515306472778 0.22800564765930176 -0.089539185166358948 128 211 59
0.088830307126045227 0.2277655154466629 -0.089353695511817932 128 211 59
0.089708410203456879 0.22784423828125 -0.089072816073894501 128 211 59
0.089210756123065948 0.22731404006481171 -0.08847711980342865 128 211 59
0.0886884406208992 0.22804148495197296 -0.0902276411652565 128 211 59
0.088186182081699371 0.22773636877536774 -0.090235628187656403 128 211 59
0.08835071325302124 0.22727720439434052 -0.089265517890453339 128 211 59
0.088444620370864868 0.22749322652816772 -0.091158181428909302 128 211 59
0.088086329400539398 0.22709734737873077 -0.091177970170974731 128 211 59
0.087861441075801849 0.22727084159851074 -0.090267881751060486 128 211 59
0.08882363885641098 0.22686626017093658 -0.091888904571533203 128 211 59
0.088430069386959076 0.22632871568202972 -0.091914311051368713 128 211 59
0.089245878159999847 0.22609159350395203 -0.092662550508975983 128 211 59
0.08878973126411438 0.22534236311912537 -0.092636637389659882 128 211 59
0.08834519237279892 0.2246176153421402 -0.092277489602565765 128 211 59
0.087994493544101715 0.22409947216510773 -0.091545410454273224 128 211 59
0.088637746870517731 0.22656449675559998 -0.088314034044742584 128 211 59
0.084764227271080017 0.20669399201869965 -0.085569888353347778 128 211 59
0.08381931483745575 0.20733201503753662 -0.085510388016700745 128 211 59
0.084921523928642273 0.20729382336139679 -0.085679136216640472 128 211 59
0.08445354551076889 0.20796969532966614 -0.085616417229175568 128 211 59
0.085341900587081909 0.20816831290721893 -0.085529811680316925 128 211 59
0.08560556173324585 0.20721027255058289 -0.085789322853088379 128 211 59
0.085669584572315216 0.20633262395858765 -0.085772372782230377 128 211 59
0.081982746720314026 0.20722518861293793 -0.083964250981807709 128 211 59
0.081916213035583496 0.20721663534641266 -0.083039872348308563 128 211 59
0.081535831093788147 0.2082403153181076 -0.08368094265460968 128 211 59
0.081432893872261047 0.20861676335334778 -0.082933597266674042 128 211 59
0.081677280366420746 0.2088877260684967 -0.084102250635623932 128 211 59
0.082276448607444763 0.20767764747142792 -0.084749989211559296 128 211 59
0.081526309251785278 0.20975148677825928 -0.083169512450695038 128 211 59
0.083867348730564117 0.2111765593290329 -0.083920992910861969 128 211 59
0.082831598818302155 0.21090026199817657 -0.083899423480033875 128 211 59
0.083558507263660431 0.21178144216537476 -0.08330070972442627 128 211 59
0.082872532308101654 0.21175932884216309 -0.082933738827705383 128 211 59
0.081571966409683228 0.20904044806957245 -0.082024097442626953 128 211 59
0.08203493058681488 0.20758990943431854 -0.082079648971557617 128 211 59
0.081646166741847992 0.21036741137504578 -0.082168616354465485 128 211 59
0.082139372825622559 0.21130183339118958 -0.082500383257865906 128 211 59
0.082020662724971771 0.21048964560031891 -0.083579175174236298 128 211 59
0.08220798522233963 0.20949828624725342 -0.084571018815040588 128 211 59
0.083138711750507355 0.20998391509056091 -0.084755472838878632 128 211 59
0.082858838140964508 0.20832774043083191 -0.085238724946975708 128 211 59
0.083719454705715179 0.20896844565868378 -0.085330195724964142 128 211 59
0.083328254520893097 0.20665799081325531 -0.08504921942949295 128 211 59
0.084533832967281342 0.20602080225944519 -0.085184603929519653 128 211 59
0.084362134337425232 0.20551340281963348 -0.084507212042808533 128 211 59
0.083025366067886353 0.20618189871311188 -0.084245271980762482 128 211 59
0.084235750138759613 0.20527662336826324 -0.083529353141784668 128 211 59
0.0829123854637146 0.20607104897499084 -0.08321729302406311 128 211 59
0.084136754274368286 0.2054135799407959 -0.082239873707294464 128 211 59
0.082924716174602509 0.20638301968574524 -0.082066744565963745 128 211 59
0.085536457598209381 0.20458617806434631 -0.082729853689670563 128 211 59
0.085719048976898193 0.20457595586776733 -0.084015041589736938 128 211 59
0.085743561387062073 0.20492294430732727 -0.084907457232475281 128 211 59
0.085690595209598541 0.20553584396839142 -0.085488736629486084 128 211 59
0.084387227892875671 0.21041831374168396 -0.084485888481140137 128 211 59
0.085060805082321167 0.20935426652431488 -0.084990538656711578 128 211 59
0.080148741602897644 0.2028278261423111 -0.09314071387052536 128 211 59
0.079993613064289093 0.20393943786621094 -0.093585185706615448 128 211 59
0.080244377255439758 0.20360133051872253 -0.092192962765693665 128 211 59
0.080194622278213501 0.20451684296131134 -0.092195719480514526 128 211 59
0.080268248915672302 0.20352162420749664 -0.091237388551235199 128 211 59
0.080349251627922058 0.20493800938129425 -0.091008603572845459 128 211 59
0.080110684037208557 0.20195336639881134 -0.092033915221691132 128 211 59
0.077238716185092926 0.20560935139656067 -0.0888872891664505 128 211 59
0.076914973556995392 0.20626914501190186 -0.089321456849575043 128 211 59
0.07614532858133316 0.20491456985473633 -0.088811717927455902 128 211 59
0.075572185218334198 0.20550552010536194 -0.089033707976341248 128 211 59
0.077033974230289459 0.20399117469787598 -0.088674008846282959 128 211 59
0.077802181243896484 0.20484338700771332 -0.088722683489322662 128 211 59
0.078624874353408813 0.20416668057441711 -0.088907033205032349 128 211 59
0.078340984880924225 0.20543520152568817 -0.088786236941814423 128 211 59
0.079007327556610107 0.2053045779466629 -0.088940009474754333 128 211 59
0.07891528308391571 0.20628690719604492 -0.089120231568813324 128 211 59
0.078142337501049042 0.20610083639621735 -0.088956356048583984 128 211 59
0.075377687811851501 0.2066677063703537 -0.091358475387096405 128 211 59
0.076724931597709656 0.20667390525341034 -0.091697841882705688 128 211 59
0.075639568269252777 0.20647059381008148 -0.09209045022726059 128 211 59
0.076561480760574341 0.20636159181594849 -0.092708326876163483 128 211 59
0.079568006098270416 0.20630095899105072 -0.089483767747879028 128 211 59
0.079989314079284668 0.20624503493309021 -0.09018418937921524 128 211 59
0.079272642731666565 0.20689041912555695 -0.089723892509937286 128 211 59
0.079423405230045319 0.20697416365146637 -0.090331472456455231 128 211 59
0.078674338757991791 0.20696026086807251 -0.089556634426116943 128 211 59
0.078662365674972534 0.20723019540309906 -0.090309970080852509 128 211 59
0.079638823866844177 0.20494470000267029 -0.093669123947620392 128 211 59
0.079063460230827332 0.20565608143806458 -0.093643888831138611 128 211 59
0.079880990087985992 0.20542916655540466 -0.092321395874023438 128 211 59
0.079308778047561646 0.20610302686691284 -0.092384114861488342 128 211 59
0.080088309943675995 0.20597441494464874 -0.091149404644966125 128 211 59
0.079486280679702759 0.20668059587478638 -0.09126746654510498 128 211 59
0.08018803596496582 0.20507583022117615 -0.090081319212913513 128 211 59
0.079700909554958344 0.20516356825828552 -0.089367024600505829 128 211 59
0.079419679939746857 0.20371253788471222 -0.089444734156131744 128 211 59
0.080004937946796417 0.20351007580757141 -0.090254448354244232 128 211 59
0.079034000635147095 0.20219115912914276 -0.089544482529163361 128 211 59
0.079758048057556152 0.20173734426498413 -0.090659953653812408 128 211 59
0.078067712485790253 0.20301389694213867 -0.088871374726295471 128 211 59
0.078708529472351074 0.20701687037944794 -0.091242194175720215 128 211 59
0.078588098287582397 0.20648835599422455 -0.092307373881340027 128 211 59
0.077765688300132751 0.20664006471633911 -0.092085324227809906 128 211 59
0.077847205102443695 0.20703577995300293 -0.091087929904460907 128 211 59
0.078345365822315216 0.20607203245162964 -0.093527711927890778 128 211 59
0.077531628310680389 0.20626111328601837 -0.093240544199943542 128 211 59
0.076761990785598755 0.20686730742454529 -0.090841926634311676 128 211 59
0.077823400497436523 0.2071235179901123 -0.090190216898918152 128 211 59
0.076776400208473206 0.20676784217357635 -0.090037055313587189 128 211 59
0.077889643609523773 0.20676282048225403 -0.089429423213005066 128 211 59
0.075274750590324402 0.20670554041862488 -0.090597189962863922 128 211 59
0.075336404144763947 0.20639173686504364 -0.089844398200511932 128 211 59
0.080685757100582123 0.19946908950805664 -0.082964494824409485 128 211 59
0.080969713628292084 0.20062658190727234 -0.083197914063930511 128 211 59
0.081567734479904175 0.19943191111087799 -0.084134936332702637 128 211 59
0.081458494067192078 0.20083506405353546 -0.083817251026630402 128 211 59
0.080311983823776245 0.20056863129138947 -0.081937059760093689 128 211 59
0.080894947052001953 0.20131853222846985 -0.082704901695251465 128 211 59
0.081436477601528168 0.20191417634487152 -0.08338591456413269 128 211 59
0.084100693464279175 0.20317615568637848 -0.08175138384103775 128 211 59
0.083515502512454987 0.20357288420200348 -0.081976033747196198 128 211 59
0.083702467381954193 0.20300936698913574 -0.081372164189815521 128 211 59
0.083174630999565125 0.20320193469524384 -0.081480517983436584 128 211 59
0.083800315856933594 0.20249877870082855 -0.080963000655174255 128 211 59
0.084590241312980652 0.20247851312160492 -0.081330046057701111 128 211 59
0.082955107092857361 0.20255269110202789 -0.080921098589897156 128 211 59
0.083882108330726624 0.20279434323310852 -0.083968915045261383 128 211 59
0.083297707140445709 0.20267896354198456 -0.084165841341018677 128 211 59
0.083595149219036102 0.20330259203910828 -0.083722993731498718 128 211 59
0.083160281181335449 0.2033960223197937 -0.083708509802818298 128 211 59
0.08331763744354248 0.20374736189842224 -0.083288058638572693 128 211 59
0.083787485957145691 0.20350891351699829 -0.083393074572086334 128 211 59
0.0843186154961586 0.20296716690063477 -0.083527065813541412 128 211 59
0.083956241607666016 0.20361322164535522 -0.082955710589885712 128 211 59
0.083527036011219025 0.20382674038410187 -0.082964949309825897 128 211 59
0.083289608359336853 0.20387530326843262 -0.082672402262687683 128 211 59
0.082847945392131805 0.20379175245761871 -0.08305976539850235 128 211 59
0.083826765418052673 0.20367953181266785 -0.082466907799243927 128 211 59
0.080550983548164368 0.20126928389072418 -0.081360146403312683 128 211 59
0.081132657825946808 0.20170703530311584 -0.080857761204242706 128 211 59
0.081077389419078827 0.20200192928314209 -0.082145705819129944 128 211 59
0.081539921462535858 0.20242407917976379 -0.0815872922539711 128 211 59
0.081557348370552063 0.2026824951171875 -0.082801759243011475 128 211 59
0.081937864422798157 0.20311504602432251 -0.082197718322277069 128 211 59
0.082061529159545898 0.20311301946640015 -0.083291679620742798 128 211 59
0.08237186074256897 0.20358777046203613 -0.08269258588552475 128 211 59
0.082014352083206177 0.20228375494480133 -0.083874605596065521 128 211 59
0.082139946520328522 0.20114101469516754 -0.084347106516361237 128 211 59
0.082647070288658142 0.20252606272697449 -0.084142647683620453 128 211 59
0.082614094018936157 0.20334011316299438 -0.083592452108860016 128 211 59
0.082894682884216309 0.20143641531467438 -0.084586687386035919 128 211 59
0.083296708762645721 0.20019838213920593 -0.085027270019054413 128 211 59
0.082415014505386353 0.19977487623691559 -0.084805473685264587 128 211 59
0.083678737282752991 0.20165662467479706 -0.084546789526939392 128 211 59
0.084210015833377838 0.20048004388809204 -0.084913730621337891 128 211 59
0.084410883486270905 0.20184585452079773 -0.084235414862632751 128 211 59
0.085081741213798523 0.2006838321685791 -0.084506608545780182 128 211 59
0.086111247539520264 0.20124214887619019 -0.082797527313232422 128 211 59
0.085256658494472504 0.20229966938495636 -0.082841299474239349 128 211 59
0.085871092975139618 0.20146304368972778 -0.081670880317687988 128 211 59
0.085105322301387787 0.20244972407817841 -0.082001037895679474 128 211 59
0.085004888474941254 0.20157541334629059 -0.080682955682277679 128 211 59
0.084533467888832092 0.20312106609344482 -0.082916676998138428 128 211 59
0.084424935281276703 0.20322120189666748 -0.082282103598117828 128 211 59
0.084985829889774323 0.20207828283309937 -0.083647459745407104 128 211 59
0.085772596299648285 0.20095998048782349 -0.083790764212608337 128 211 59
0.082517966628074646 0.20325669646263123 -0.081737726926803589 128 211 59
0.082902565598487854 0.20371119678020477 -0.082238122820854187 128 211 59
0.082188338041305542 0.20256845653057098 -0.081144548952579498 128 211 59
0.081861019134521484 0.20181052386760712 -0.080413341522216797 128 211 59
0.082756534218788147 0.20174218714237213 -0.080189339816570282 128 211 59
0.083855085074901581 0.20167303085327148 -0.080242745578289032 128 211 59
0.069651941250494065 0.27117866617496295 -0.1117120934209176 0 0 0
0.06846040683230567 0.2708540859021949 -0.11137788979580122 0 0 0
0.067338474152603869 0.26937049866851209 -0.11236205243160094 0 0 0
0.067140049697068757 0.27058155639352377 -0.10931195321334798 0 0 0
0.067873045522816672 0.27108050907815529 -0.10893807735178902 0 0 0
0.068448005984216881 0.27024175382471421 -0.11246809231058026 0 0 0
0.067001558757180349 0.26985065756166959 -0.11097837103832368 0 0 0
0.06660870981096087 0.26988606589662972 -0.10983914167980337 0 0 0
0.068700603329520521 0.27148742862024305 -0.10996696368159066 0 0 0
0.073402997964241642 0.26946244346738779 -0.11174234396075119 0 0 0
0.072720251073631462 0.27003186935341689 -0.10985197433850878 0 0 0
0.073911033997862294 0.26761072665504926 -0.10847485395393852 0 0 0
0.073244449430328928 0.26903325056657462 -0.10860263541608708 0 0 0
0.073982248885179985 0.26873461798871107 -0.10971253562889896 0 0 0
0.074236983582474714 0.26889418940303855 -0.11132270554959539 0 0 0
0.072542340739415165 0.27016494024289062 -0.11105959531503945 0 0 0
0.074779418719560481 0.26757887597348867 -0.10985763644540918 0 0 0
0.076304818141769551 0.26062455665748235 -0.11583292066559848 0 0 0
0.076986312987231256 0.25852997481225304 -0.11713301754484329 0 0 0
0.074194102971843354 0.25978584289381501 -0.1171949949350342 0 0 0
0.073985654284464908 0.25806504580114253 -0.11813514673767875 0 0 0
0.075908159258718147 0.25983798125556834 -0.11672230336679471 0 0 0
0.075363384034569686 0.25748951133062697 -0.1182512826836838 0 0 0
0.074331016840618477 0.25572867001826471 -0.11321947006691008 0 0 0
0.076717419720597702 0.25481672506027148 -0.11060224907156527 0 0 0
0.076123429611510834 0.2547335856395318 -0.11116880886752528 0 0 0
0.077184232232644548 0.25569145128712062 -0.1129948576125149 0 0 0
0.075931926989483783 0.25591637639029846 -0.11368479314649957 0 0 0
0.078067405290094441 0.2555681997837454 -0.11183927638548344 0 0 0
0.077228425266160819 0.25524713049907716 -0.11199729070731899 0 0 0
0.076840397817544204 0.25614358017547362 -0.11383626581544146 0 0 0
0.07532745259511657 0.25485375761969703 -0.11187282799505723 0 0 0
0.07435648529302076 0.2551019756572187 -0.11233614802550911 0 0 0
0.075113261921673363 0.25543811618936707 -0.11302589016599689 0 0 0
0.080202171614411538 0.26105086346190298 -0.11101056946711597 0 0 0
0.080479970385450919 0.25864093043746977 -0.11093938191489082 0 0 0
0.079975823433864654 0.25891081175247072 -0.11012277737055587 0 0 0
0.079058476313404846 0.2578478644337005 -0.10934998158746258 0 0 0
0.07926258004024235 0.25865394759058363 -0.10935137782736044 0 0 0
0.079625803683312193 0.25792508413304654 -0.10975943960489144 0 0 0
0.080710912458798398 0.25952842876455029 -0.11161083897660681 0 0 0
0.080126527904231151 0.25757610240438794 -0.11039217407663519 0 0 0
0.079687551775329019 0.26047107226643912 -0.10988819412079388 0 0 0
0.079156742760074117 0.25977580517285348 -0.10924643290044007 0 0 0
0.084182805320322296 0.23667111268176089 -0.088078094656075023 0 0 0
0.08524433008511817 0.23555219307151321 -0.088235735016304759 0 0 0
0.085518738128987193 0.23655015755772937 -0.090836732276437585 0 0 0
0.086448601983311571 0.23378116942831911 -0.090169289653390161 0 0 0
0.086497222672953511 0.23356297703014164 -0.092605589329471896 0 0 0
0.086661122205258331 0.23237469721282231 -0.090548387097275029 0 0 0
0.086624411256254613 0.23264871606888066 -0.092733331291568244 0 0 0
0.086026267610465154 0.23498560819484446 -0.092554076502607927 0 0 0
0.086084586063930879 0.23515035516035748 -0.091249714068965107 0 0 0
0.086064543893854636 0.23418640296603371 -0.088765759589218549 0 0 0
0.084602400766783326 0.23757861811308395 -0.089566988151193933 0 0 0
0.086758153893874923 0.23208106965415434 -0.09186066363793173 0 0 0
0.075125229228083984 0.22570360449124544 -0.10262591180107579 0 0 0
0.076229298112782756 0.22497331405677473 -0.10288306608909946 0 0 0
0.07748054207523597 0.22472937539198329 -0.10298576341114082 0 0 0
0.080230758703973518 0.22495409200863883 -0.1029210781940532 0 0 0
0.076160630511963506 0.222166371377547 -0.10195538996622729 0 0 0
0.074842873553378667 0.22354146636948419 -0.10210164851984907 0 0 0
0.078507417795569662 0.22786522567772213 -0.10350228466778587 0 0 0
0.078839045631420704 0.22597417234755715 -0.10321657170099983 0 0 0
0.079393441066820516 0.22329918247545746 -0.10268038254174165 0 0 0
0.077499990847744615 0.22212135560978491 -0.10225836901921828 0 0 0
0.076710306058108746 0.22628679575187299 -0.10323699847586752 0 0 0
0.079797945005880097 0.22662010480730563 -0.10315191082175794 0 0 0
0.07898980065918168 0.22207619023550432 -0.10232190099310697 0 0 0
0.077265535865561244 0.22761209261269444 -0.10352534101086297 0 0 0
0.07528904072410203 0.22473759013602213 -0.10258544264539923 0 0 0
0.078137711069559607 0.22331734061530131 -0.1026751236364494 0 0 0
0.076768544593439597 0.22338557171711645 -0.10256005059710685 0 0 0
0.089329858654669275 0.22577421365918637 -0.092466826393277454 0 0 0
0.088959964126129887 0.22507812273955752 -0.090791522384607581 0 0 0
0.089786040475903869 0.22732358561988811 -0.089055534468678921 0 0 0
0.089547858006825298 0.22614162778068367 -0.090076736197195847 0 0 0
0.088888299097539272 0.22503590320184652 -0.092003009301453831 0 0 0
0.090320620290354023 0.22747328477615747 -0.090456311287839736 0 0 0
0.090114381949169015 0.22683684677066118 -0.091154586246625299 0 0 0
0.082242866612410703 0.20827599043831885 -0.081939195561888237 0 0 0
0.082815988412365579 0.20982024069307126 -0.08228514305529501 0 0 0
0.084098127816061324 0.20950958662445859 -0.083228031572165406 0 0 0
0.084646838689584919 0.20803502914513791 -0.083401068768425166 0 0 0
0.085561363783840508 0.20727075990454855 -0.084683485370498801 0 0 0
0.085710766672550912 0.20609556341986227 -0.084552974006117679 0 0 0
0.083120379429940383 0.21142612847886583 -0.082867774819033818 0 0 0
0.084966296163719993 0.20634429496754045 -0.083195952318314143 0 0 0
0.08340523318255158 0.20796274521234295 -0.082336572069222833 0 0 0
0.083755513317711347 0.21088134304787617 -0.08335930583942687 0 0 0
0.082441021839963574 0.21065704667592131 -0.082272132781004551 0 0 0
0.077979846320344118 0.20277159349846818 -0.089508775281076425 0 0 0
0.075873778164055813 0.20497874058576221 -0.090188038515367538 0 0 0
0.078599672441011126 0.20296979558275791 -0.09186737097238501 0 0 0
0.078156935227392949 0.20414252774195843 -0.092747221295312182 0 0 0
0.078097766450710468 0.20531535655148428 -0.093477807263585566 0 0 0
0.07738468302022905 0.20342640728667444 -0.09044443835005056 0 0 0
0.075755323183902143 0.20607317053814203 -0.091978046811256042 0 0 0
0.078867361134196234 0.20442870450127273 -0.09347665882136362 0 0 0
0.076662491622350643 0.2056450780646592 -0.092648680129462091 0 0 0
0.075421225854757704 0.205999614118968 -0.090945284318964259 0 0 0
0.079307487051811398 0.20327030740636834 -0.093055688922501947 0 0 0
0.076482445432095258 0.2046522263261851 -0.091136231659592462 0 0 0
0.076636004557523396 0.20400672087786106 -0.089621165905384645 0 0 0
0.084319215388698548 0.20020130941831726 -0.084417065457974547 0 0 0
0.084912399364129296 0.20041910153957482 -0.08286505189195012 0 0 0
0.080847891604985858 0.20048854036137168 -0.08152713526085309 0 0 0
0.083146176394605198 0.2007846048239513 -0.080927298761897318 0 0 0
0.082014855054357336 0.19942369837913504 -0.083475297966315379 0 0 0
0.084907263915801126 0.20074937185141664 -0.081689980928609823 0 0 0
0.083357759728101402 0.20006332255021414 -0.08238545843998496 0 0 0
0.08183235204065438 0.20100689159714066 -0.080770500779818677 0 0 0
0.081879678883368348 0.20010566474977307 -0.081898406514244043 0 0 0
3 0 1 2
3 2 1 3
3 4 5 2
3 2 5 0
3 2 3 4
3 4 3 6
3 7 8 9
3 9 8 10
3 11 12 7
3 7 12 8
3 9 13 7
3 7 13 11
3 14 15 16
3 16 15 17
3 18 19 16
3 16 19 14
3 16 17 18
3 18 17 20
3 21 22 23
3 23 22 24
3 23 25 21
3 21 25 26
3 26 27 21
3 21 27 22
3 28 29 30
3 30 29 31
3 30 31 20
3 20 31 18
3 32 13 33
3 33 13 9
3 33 22 32
3 32 22 27
3 33 9 34
3 34 9 10
3 34 24 33
3 33 24 22
3 34 10 35
3 35 10 36
3 35 37 34
3 34 37 24
3 35 6 37
3 37 6 38
3 37 38 29
3 29 38 31
3 37 29 24
3 24 29 23
3 6 3 38
3 38 3 19
3 19 18 38
3 38 18 31
3 35 36 6
3 6 36 4
3 36 39 4
3 4 39 5
3 36 10 39
3 39 10 8
3 40 41 39
3 39 41 5
3 39 8 40
3 40 8 12
3 42 0 41
3 41 0 5
3 29 28 23
3 23 28 25
3 19 3 14
3 14 3 1
3 14 1 15
3 15 1 43
3 43 1 42
3 42 1 0
3 44 45 46
3 46 45 47
3 46 47 48
3 48 47 49
3 47 45 50
3 50 45 51
3 50 51 52
3 52 51 53
3 52 49 50
3 50 49 47
3 54 55 56
3 56 55 57
3 57 58 56
3 56 58 59
3 59 60 56
3 56 60 54
3 57 61 58
3 58 61 62
3 58 62 59
3 59 62 63
3 60 59 64
3 64 59 63
3 64 65 60
3 60 65 66
3 67 54 66
3 66 54 60
3 65 68 66
3 66 68 69
3 66 69 67
3 67 69 70
3 70 71 67
3 67 71 72
3 69 51 70
3 70 51 45
3 45 44 70
3 70 44 71
3 72 73 55
3 55 73 74
3 55 54 72
3 72 54 67
3 71 75 72
3 72 75 73
3 44 76 71
3 71 76 75
3 68 53 69
3 69 53 51
3 61 57 74
3 74 57 55
3 48 76 46
3 46 76 44
3 77 78 79
3 79 78 80
3 81 82 79
3 79 82 77
3 80 83 79
3 79 83 81
3 84 85 86
3 86 85 87
3 86 87 88
3 88 87 89
3 88 90 86
3 86 90 84
3 91 92 93
3 93 92 94
3 93 78 91
3 91 78 77
3 91 77 95
3 95 77 82
3 94 84 93
3 93 84 90
3 93 90 78
3 78 90 96
3 90 88 96
3 96 88 97
3 96 97 98
3 98 97 99
3 98 80 96
3 96 80 78
3 98 99 100
3 100 99 101
3 100 83 98
3 98 83 80
3 102 94 103
3 103 94 92
3 85 84 102
3 102 84 94
3 104 97 89
3 89 97 88
3 101 99 104
3 104 99 97
3 91 95 92
3 92 95 103
3 105 106 107
3 107 106 108
3 109 110 105
3 105 110 106
3 107 111 105
3 105 111 109
3 112 113 114
3 114 113 115
3 114 115 116
3 116 115 117
3 116 118 114
3 114 118 112
3 119 120 121
3 121 120 122
3 122 123 121
3 121 123 124
3 124 125 121
3 121 125 119
3 126 127 128
3 128 127 129
3 128 129 130
3 130 129 131
3 130 132 128
3 128 132 126
3 133 112 134
3 134 112 118
3 134 118 135
3 135 118 136
3 118 116 136
3 136 116 137
3 136 137 107
3 107 137 111
3 107 108 136
3 136 108 135
3 116 117 137
3 137 117 138
3 137 138 111
3 111 138 139
3 140 109 139
3 139 109 111
3 138 141 139
3 139 141 142
3 142 143 139
3 139 143 140
3 143 144 140
3 140 144 145
3 143 142 122
3 122 142 123
3 122 120 143
3 143 120 144
3 110 109 145
3 145 109 140
3 146 132 147
3 147 132 113
3 147 113 133
3 133 113 112
3 148 126 146
3 146 126 132
3 149 127 148
3 148 127 126
3 149 150 127
3 127 150 151
3 150 125 151
3 151 125 124
3 151 124 152
3 152 124 123
3 152 129 151
3 151 129 127
3 152 123 141
3 141 123 142
3 141 131 152
3 152 131 129
3 141 138 131
3 131 138 117
3 132 130 113
3 113 130 115
3 131 117 130
3 130 117 115
3 153 154 155
3 155 154 156
3 157 158 155
3 155 158 153
3 155 156 157
3 157 156 159
3 160 161 162
3 162 161 163
3 164 165 162
3 162 165 160
3 162 163 164
3 164 163 166
3 167 168 169
3 169 168 170
3 170 171 169
3 169 171 172
3 172 173 169
3 169 173 167
3 174 175 176
3 176 175 177
3 165 164 178
3 178 164 179
3 178 158 165
3 165 158 157
3 171 170 180
3 180 170 181
3 180 182 171
3 171 182 183
3 182 177 183
3 183 177 175
3 183 175 184
3 184 175 185
3 184 172 183
3 183 172 171
3 185 186 184
3 184 186 187
3 184 187 172
3 172 187 173
3 186 166 187
3 187 166 163
3 187 163 173
3 173 163 161
3 186 185 188
3 188 185 189
3 188 190 186
3 186 190 166
3 175 174 185
3 185 174 189
3 168 191 192
3 192 191 193
3 192 181 168
3 168 181 170
3 191 156 193
3 193 156 154
3 191 168 194
3 194 168 167
3 194 159 191
3 191 159 156
3 194 167 161
3 161 167 173
3 161 160 194
3 194 160 159
3 190 179 166
3 166 179 164
3 165 157 160
3 160 157 159
3 195 196 197
3 197 196 198
3 199 200 195
3 195 200 196
3 201 202 203
3 203 202 204
3 205 206 203
3 203 206 201
3 204 207 203
3 203 207 205
3 208 209 210
3 210 209 211
3 212 213 208
3 208 213 209
3 208 210 212
3 212 210 214
3 215 216 217
3 217 216 218
3 215 217 219
3 219 217 220
3 205 207 221
3 221 207 222
3 221 223 205
3 205 223 206
3 223 198 206
3 206 198 196
3 224 225 226
3 226 225 227
3 226 199 224
3 224 199 228
3 226 227 229
3 229 227 230
3 229 200 226
3 226 200 199
3 229 230 202
3 202 230 231
3 202 201 229
3 229 201 200
3 231 232 233
3 233 232 234
3 233 204 231
3 231 204 202
3 230 213 231
3 231 213 232
3 234 217 233
3 233 217 218
3 218 207 233
3 233 207 204
3 235 220 234
3 234 220 217
3 234 232 235
3 235 232 236
3 237 238 236
3 236 238 235
3 236 232 212
3 212 232 213
3 236 212 237
3 237 212 214
3 238 239 235
3 235 239 220
3 227 209 230
3 230 209 213
3 225 211 227
3 227 211 209
3 207 218 222
3 222 218 216
3 206 196 201
3 201 196 200
3 219 220 240
3 240 220 239
3 197 228 195
3 195 228 199
3 241 242 243
3 243 242 244
3 241 243 245
3 245 243 246
3 247 248 249
3 249 248 250
3 249 250 251
3 251 250 252
3 251 253 249
3 249 253 247
3 254 255 256
3 256 255 257
3 258 259 260
3 260 259 261
3 260 261 262
3 262 261 263
3 260 262 258
3 258 262 264
3 262 265 264
3 264 265 266
3 267 268 269
3 269 268 270
3 267 269 263
3 263 269 262
3 269 270 271
3 271 270 272
3 269 271 262
3 262 271 265
3 271 272 253
3 253 272 246
3 253 251 271
3 271 251 265
3 272 273 246
3 246 273 245
3 270 255 272
3 272 255 273
3 273 274 245
3 245 274 275
3 255 254 273
3 273 254 274
3 268 257 270
3 270 257 255
3 251 252 265
3 265 252 266
3 253 246 247
3 247 246 243
3 248 247 244
3 244 247 243
3 242 241 275
3 275 241 245
3 276 277 278
3 278 277 279
3 278 280 276
3 276 280 281
3 282 283 280
3 280 283 284
3 280 278 282
3 282 278 285
3 285 286 282
3 282 286 283
3 286 287 283
3 283 287 284
3 288 289 290
3 290 289 291
3 290 291 292
3 292 291 293
3 294 295 289
3 289 295 291
3 289 288 294
3 294 288 296
3 297 298 299
3 299 298 300
3 293 301 297
3 297 301 298
3 299 292 297
3 297 292 293
3 301 302 298
3 298 302 303
3 301 293 295
3 295 293 291
3 301 295 302
3 302 295 304
3 305 306 304
3 304 306 302
3 295 294 304
3 304 294 307
3 304 307 305
3 305 307 308
3 287 286 308
3 308 286 305
3 307 309 308
3 308 309 310
3 308 310 287
3 287 310 311
3 312 284 311
3 311 284 287
3 313 300 303
3 303 300 298
3 303 279 313
3 313 279 277
3 312 281 284
3 284 281 280
3 309 307 296
3 296 307 294
3 306 285 279
3 279 285 278
3 279 303 306
3 306 303 302
3 306 305 285
3 285 305 286
3 314 315 316
3 316 315 317
3 317 318 316
3 316 318 319
3 316 319 314
3 314 319 320
3 321 322 323
3 323 322 324
3 325 326 323
3 323 326 321
3 323 324 325
3 325 324 327
3 328 329 330
3 330 329 331
3 332 324 333
3 333 324 322
3 334 327 332
3 332 327 324
3 335 336 334
3 334 336 327
3 336 329 337
3 337 329 338
3 336 337 327
3 327 337 325
3 336 335 329
3 329 335 331
3 337 338 339
3 339 338 340
3 337 339 325
3 325 339 326
3 339 340 315
3 315 340 317
3 315 341 339
3 339 341 326
3 341 315 342
3 342 315 314
3 342 343 341
3 341 343 344
3 341 344 326
3 326 344 321
3 343 345 344
3 344 345 346
3 344 346 321
3 321 346 322
3 345 347 346
3 346 347 348
3 346 348 322
3 322 348 333
3 347 345 349
3 349 345 350
3 345 343 350
3 350 343 351
3 351 343 352
3 352 343 342
3 352 342 320
3 320 342 314
3 338 353 340
3 340 353 354
3 329 328 338
3 338 328 353
3 318 317 354
3 354 317 340
3 355 356 357
3 357 356 358
3 357 358 359
3 359 358 360
3 359 361 357
3 357 361 355
3 362 363 364
3 364 363 365
3 364 366 362
3 362 366 367
3 367 368 369
3 369 368 370
3 370 371 369
3 369 371 372
3 372 362 369
3 369 362 367
3 373 374 375
3 375 374 376
3 377 378 379
3 379 378 380
3 381 371 379
3 379 371 377
3 380 382 379
3 379 382 381
3 383 384 385
3 385 384 386
3 385 358 383
3 383 358 356
3 385 386 387
3 387 386 388
3 387 360 385
3 385 360 358
3 387 388 378
3 378 388 380
3 378 389 387
3 387 389 360
3 389 378 390
3 390 378 377
3 390 391 389
3 389 391 392
3 389 392 360
3 360 392 359
3 391 393 392
3 392 393 394
3 392 394 359
3 359 394 361
3 393 391 395
3 395 391 368
3 391 390 368
3 368 390 370
3 390 377 370
3 370 377 371
3 388 396 380
3 380 396 382
3 386 397 388
3 388 397 396
3 397 398 396
3 396 398 399
3 397 386 400
3 400 386 384
3 400 401 397
3 397 401 398
3 399 402 403
3 403 402 404
3 403 382 399
3 399 382 396
3 398 374 399
3 399 374 402
3 403 404 405
3 405 404 363
3 405 381 403
3 403 381 382
3 405 363 372
3 372 363 362
3 372 371 405
3 405 371 381
3 402 406 404
3 404 406 407
3 374 373 402
3 402 373 406
3 401 376 398
3 398 376 374
3 367 366 368
3 368 366 395
3 365 363 407
3 407 363 404
3 408 409 410
3 410 409 411
3 408 412 409
3 409 412 413
3 409 413 411
3 411 413 414
3 415 416 417
3 417 416 418
3 419 420 417
3 417 420 415
3 418 421 417
3 417 421 419
3 422 423 424
3 424 423 425
3 425 426 424
3 424 426 427
3 427 428 424
3 424 428 422
3 429 427 430
3 430 427 426
3 430 426 431
3 431 426 432
3 431 433 430
3 430 433 429
3 434 435 436
3 436 435 437
3 436 413 434
3 434 413 412
3 436 437 438
3 438 437 439
3 438 414 436
3 436 414 413
3 438 439 440
3 440 439 441
3 440 442 438
3 438 442 414
3 442 443 414
3 414 443 411
3 442 440 444
3 444 440 445
3 444 446 442
3 442 446 443
3 446 447 443
3 443 447 448
3 444 423 446
3 446 423 449
3 446 449 447
3 447 449 450
3 449 451 450
3 450 451 452
3 453 454 455
3 455 454 456
3 455 456 457
3 457 456 420
3 454 458 456
3 456 458 459
3 456 459 420
3 420 459 415
3 458 429 459
3 459 429 433
3 459 433 415
3 415 433 416
3 458 454 428
3 428 454 460
3 458 428 429
3 429 428 427
3 461 452 460
3 460 452 451
3 460 451 428
3 428 451 422
3 454 453 460
3 460 453 461
3 451 449 422
3 422 449 423
3 410 411 448
3 448 411 443
3 445 425 444
3 444 425 423
3 440 441 445
3 445 441 432
3 445 432 425
3 425 432 426
3 439 462 441
3 441 462 463
3 441 463 432
3 432 463 431
3 462 418 463
3 463 418 416
3 463 416 431
3 431 416 433
3 462 439 464
3 464 439 437
3 464 421 462
3 462 421 418
3 464 437 465
3 465 437 435
3 465 466 464
3 464 466 421
3 466 467 421
3 421 467 419
3 419 467 420
3 420 467 457
3 472 13 32
3 472 32 27
3 26 25 476
3 468 28 30
3 476 25 28
3 27 26 476
3 476 469 471
3 476 28 468
3 15 470 473
3 471 469 474
3 470 43 42
3 42 41 470
3 474 470 41
3 41 40 474
3 30 20 468
3 473 468 20
3 473 469 468
3 474 475 471
3 473 17 15
3 43 470 15
3 475 12 11
3 13 471 11
3 13 472 471
3 476 472 27
3 474 469 473
3 20 17 473
3 473 470 474
3 475 474 40
3 40 12 475
3 11 471 475
3 468 469 476
3 471 472 476
3 477 52 53
3 483 53 68
3 483 477 53
3 478 481 482
3 483 65 64
3 484 48 482
3 479 75 76
3 479 73 75
3 480 61 74
3 74 479 480
3 478 62 480
3 480 481 478
3 482 49 52
3 64 478 483
3 64 63 478
3 62 478 63
3 73 479 74
3 484 481 479
3 61 480 62
3 481 480 479
3 479 76 484
3 483 478 482
3 48 49 482
3 52 477 482
3 482 477 483
3 68 65 483
3 48 484 76
3 482 481 484
3 487 81 83
3 485 89 87
3 485 104 89
3 101 485 489
3 486 85 102
3 102 103 486
3 489 487 101
3 83 100 487
3 487 488 81
3 490 95 82
3 104 485 101
3 489 485 87
3 87 85 486
3 490 486 103
3 101 487 100
3 487 489 490
3 489 486 490
3 82 81 488
3 87 486 489
3 490 488 487
3 103 95 490
3 82 488 490
3 491 110 145
3 145 144 491
3 500 499 108
3 496 146 147
3 147 133 492
3 496 148 146
3 147 492 497
3 497 496 147
3 494 150 149
3 496 497 494
3 498 119 125
3 495 498 494
3 144 120 495
3 108 106 500
3 500 106 110
3 495 491 144
3 133 134 492
3 493 492 134
3 134 135 493
3 499 493 135
3 498 125 150
3 501 494 497
3 498 495 120
3 497 493 499
3 494 149 496
3 148 496 149
3 492 493 497
3 501 495 494
3 120 119 498
3 150 494 498
3 135 108 499
3 500 491 501
3 110 491 500
3 501 499 500
3 495 501 491
3 497 499 501
3 508 190 188
3 508 179 190
3 502 189 174
3 503 178 179
3 179 508 503
3 509 153 158
3 504 507 509
3 174 176 510
3 511 182 180
3 506 180 181
3 181 192 505
3 511 510 177
3 181 505 506
3 506 507 504
3 188 189 502
3 510 502 174
3 509 158 178
3 510 504 508
3 176 177 510
3 509 507 154
3 192 193 505
3 507 505 193
3 507 506 505
3 177 182 511
3 193 154 507
3 509 503 504
3 188 502 508
3 504 503 508
3 154 153 509
3 178 503 509
3 511 506 504
3 508 502 510
3 180 506 511
3 504 510 511
3 522 240 239
3 239 238 512
3 522 514 219
3 237 214 513
3 219 240 522
3 522 512 513
3 519 216 215
3 519 222 216
3 520 515 516
3 516 519 520
3 518 221 516
3 523 518 516
3 198 223 518
3 198 518 523
3 517 224 228
3 523 517 228
3 238 237 512
3 513 512 237
3 214 210 513
3 521 513 210
3 219 514 215
3 520 514 513
3 520 513 521
3 521 211 225
3 222 516 221
3 517 516 515
3 515 225 517
3 224 517 225
3 221 518 223
3 523 197 198
3 222 519 516
3 215 514 519
3 514 520 519
3 521 515 520
3 210 211 521
3 225 515 521
3 239 512 522
3 513 514 522
3 516 517 523
3 228 197 523
3 528 275 274
3 540 539 533
3 524 268 267
3 524 257 268
3 267 263 534
3 534 524 267
3 528 254 529
3 538 529 257
3 529 538 540
3 527 531 535
3 530 258 264
3 264 266 530
3 535 530 266
3 537 530 531
3 250 248 532
3 531 527 532
3 529 256 257
3 534 525 524
3 537 534 263
3 275 528 533
3 259 530 537
3 242 533 536
3 252 250 527
3 532 527 250
3 533 242 275
3 274 254 528
3 256 529 254
3 257 524 538
3 537 261 259
3 258 530 259
3 535 252 527
3 532 526 531
3 536 532 248
3 536 533 539
3 533 528 540
3 536 244 242
3 531 526 534
3 525 534 526
3 530 535 531
3 266 252 535
3 539 532 536
3 248 244 536
3 531 534 537
3 263 261 537
3 525 538 524
3 540 528 529
3 540 525 526
3 532 539 526
3 538 525 540
3 526 539 540
3 542 276 281
3 541 309 296
3 547 296 288
3 541 310 309
3 545 542 312
3 312 311 545
3 277 276 542
3 543 544 546
3 292 299 543
3 546 292 543
3 544 543 313
3 542 544 277
3 545 311 310
3 547 544 541
3 281 312 542
3 544 542 541
3 299 300 543
3 313 543 300
3 290 546 547
3 313 277 544
3 310 541 545
3 542 545 541
3 288 290 547
3 292 546 290
3 544 547 546
3 541 296 547
3 557 550 353
3 548 332 333
3 556 548 333
3 558 554 335
3 332 548 549
3 328 330 554
3 549 550 557
3 354 353 550
3 550 551 354
3 349 553 555
3 319 318 552
3 553 350 351
3 351 352 553
3 352 320 553
3 553 349 350
3 552 553 319
3 558 334 332
3 556 549 548
3 554 331 335
3 555 551 556
3 558 549 557
3 556 551 550
3 556 348 555
3 552 354 551
3 354 552 318
3 555 553 552
3 555 347 349
3 320 319 553
3 331 554 330
3 335 334 558
3 552 551 555
3 348 347 555
3 550 549 556
3 333 348 556
3 353 328 557
3 554 557 328
3 332 549 558
3 557 554 558
3 559 393 395
3 571 366 364
3 395 366 559
3 393 559 561
3 560 365 407
3 568 560 407
3 373 565 568
3 562 561 564
3 569 355 361
3 562 566 569
3 562 564 570
3 569 561 562
3 563 400 384
3 563 401 400
3 566 563 384
3 384 383 566
3 561 394 393
3 571 564 559
3 364 365 560
3 568 406 373
3 394 561 361
3 570 567 562
3 568 565 570
3 569 566 356
3 567 376 563
3 401 563 376
3 559 564 561
3 559 366 571
3 373 375 565
3 376 565 375
3 563 566 562
3 383 356 566
3 376 567 565
3 563 562 567
3 570 560 568
3 407 406 568
3 356 355 569
3 361 561 569
3 571 560 570
3 565 567 570
3 364 560 571
3 570 564 571
3 576 448 447
3 447 450 572
3 576 410 448
3 447 572 576
3 452 461 573
3 580 574 408
3 579 465 435
3 574 435 434
3 579 575 466
3 575 467 466
3 466 465 579
3 577 455 457
3 578 573 577
3 580 576 578
3 450 452 572
3 573 572 452
3 461 453 573
3 577 573 453
3 434 412 574
3 408 574 412
3 577 457 467
3 408 576 580
3 410 576 408
3 578 576 572
3 453 455 577
3 467 575 577
3 572 573 578
3 577 575 578
3 435 574 579
3 580 575 579
3 578 575 580
3 579 574 580

